69.00,112.5138,20.85192
138.00,217.2939,20.85192
206.00,320.1671,20.85192
275.00,421.6807,21.01818
344.00,524.6151,20.93505
415.00,625.59,20.68575
484.00,721.2443,19.8562
553.00,825.6807,21.18456
621.00,923.545,20.93505
690.00,1000,20.68575
759.00,1000,20.51968
828.00,1000,20.18777
897.00,1000,20.43667
966.00,1000,20.85192
1034.00,1000,20.35366
1103.00,1000,20.10485
1172.00,1000,19.93908
1241.00,1000,20.18777
1309.00,1000,20.43667
1378.00,1000,20.02194
1447.00,1000,20.18777
1516.00,1000,21.10134
1585.00,1000,20.10485
1653.00,1000,20.68575
1722.00,1000,20.02194
1791.00,1000,20.18777
1860.00,1000,20.10485
1929.00,1000,20.27075
1997.00,1000,20.10485
2066.00,1000,20.93505
2135.00,1000,20.10485
2204.00,1000,19.93908
2273.00,1000,19.93908
2341.00,1000,19.93908
2410.00,1000,20.35366
2479.00,1000,20.02194
2548.00,1000,19.93908
2617.00,1000,19.78994
2685.00,1000,19.78994
2754.00,1000,19.93908
2823.00,1000,19.78994
2892.00,1000,19.93908
2961.00,1000,19.78994
3029.00,1000,19.72366
3098.00,1000,19.78994
3167.00,1000,19.72366
3236.00,1000,19.52493
3305.00,1000,19.8562
3373.00,1000,19.78994
3442.00,1000,19.8562
3513.00,1000,19.59115
3582.00,1000,19.72366
3651.00,1000,19.72366
3720.00,1000,19.72366
3789.00,1000,19.6574
3857.00,1000,19.78994
3926.00,1000,19.78994
3995.00,1000,19.78994
4064.00,1000,19.6574
4133.00,1000,19.52493
4201.00,1000,19.52493
4270.00,1000,19.52493
4339.00,1000,19.6574
4408.00,1000,19.02841
4477.00,1000,19.11111
4545.00,1000,19.6574
4614.00,1000,19.11111
4683.00,1000,19.59115
4752.00,1000,19.35934
4821.00,1000,19.59115
4889.00,1000,19.35934
4958.00,1000,19.35934
5027.00,1000,19.52493
5096.00,1000,19.59115
5165.00,1000,19.19387
5233.00,1000,19.52493
5302.00,1000,19.35934
5371.00,1000,18.863
5440.00,1000,19.52493
5509.00,1000,19.02841
5578.00,1000,18.58743
5646.00,1000,19.19387
5715.00,1000,19.19387
5784.00,1000,18.75274
5853.00,1000,19.02841
5922.00,1000,18.863
5990.00,1000,19.11111
6059.00,1000,18.9457
6128.00,1000,19.02841
6197.00,1000,20.10485
6266.00,1000,18.863
6334.00,1000,19.02841
6403.00,1000,19.02841
6472.00,1000,18.69763
6541.00,1000,18.80789
6610.00,1000,19.02841
6679.00,1000,18.863
6750.00,1000,18.9457
6819.00,1000,18.863
6887.00,1000,18.863
6956.00,1000,18.75274
7025.00,1000,18.863
7094.00,1000,18.9457
7163.00,1000,19.11111
7231.00,1000,19.02841
7300.00,1000,18.80789
7369.00,1000,18.75274
7438.00,1000,18.9457
7507.00,1000,19.11111
7576.00,1000,18.58743
7644.00,1000,19.59115
7713.00,1000,18.863
7782.00,1000,18.80789
7851.00,1000,18.80789
7920.00,1000,18.69763
7988.00,1000,18.80789
8057.00,1000,18.36703
8126.00,1000,18.75274
8195.00,1000,18.75274
8264.00,1000,18.80789
8333.00,1000,19.6574
8401.00,1000,18.64254
8470.00,1000,19.35934
8539.00,1000,18.36703
8608.00,1000,18.36703
8677.00,1000,18.13564
8746.00,1000,18.64254
8814.00,1000,18.75274
8883.00,1000,18.69763
8952.00,1000,18.69763
9021.00,1000,18.26785
9090.00,1000,18.64254
9159.00,1000,18.26785
9227.00,1000,18.36703
9296.00,1000,18.36703
9365.00,1000,18.58743
9434.00,1000,18.64254
9503.00,1000,19.19387
9572.00,1000,18.64254
9640.00,1000,18.80789
9709.00,1000,18.58743
9778.00,1000,18.26785
9847.00,1000,18.80789
9916.00,1000,18.36703
9989.00,1000,18.863
10057.00,1000,18.26785
10126.00,1000,18.40008
10195.00,1000,18.26785
10264.00,1000,18.26785
10333.00,1000,18.40008
10402.00,1000,18.64254
10470.00,1000,18.58743
10539.00,1000,18.64254
10608.00,1000,18.36703
10677.00,1000,18.40008
10746.00,1000,18.36703
10815.00,1000,18.40008
10883.00,1000,18.36703
10952.00,1000,17.8713
11021.00,1000,18.13564
11090.00,1000,18.40008
11159.00,1000,18.36703
11228.00,1000,18.40008
11296.00,1000,18.58743
11365.00,1000,18.00347
11434.00,1000,18.40008
11503.00,1000,18.40008
11572.00,1000,18.36703
11641.00,1000,18.40008
11709.00,1000,18.26785
11778.00,1000,18.40008
11847.00,1000,18.36703
11916.00,1000,18.40008
11985.00,1000,18.13564
12054.00,1000,18.26785
12123.00,1000,18.26785
12191.00,1000,18.26785
12260.00,1000,18.26785
12329.00,1000,18.13564
12398.00,1000,18.13564
12467.00,999.572,17.65103
12536.00,1000,18.26785
12604.00,1000,18.00347
12673.00,1000,18.40008
12742.00,1000,18.26785
12811.00,1000,17.76113
12880.00,1000,18.26785
12949.00,1000,18.00347
13017.00,1000,18.26785
13086.00,1000,17.8713
13155.00,1000,18.26785
13226.00,998.3661,17.15542
13295.00,1000,18.00347
13364.00,1000,17.8713
13433.00,1000,18.00347
13501.00,1000,18.26785
13570.00,1000,18.26785
13639.00,1000,18.13564
13708.00,1000,18.13564
13777.00,1000,18.00347
13845.00,1000,18.00347
13914.00,1000,18.36703
13983.00,1000,18.13564
14052.00,1000,18.00347
14121.00,999.2584,17.32064
14189.00,1000,18.13564
14258.00,1000,18.26785
14327.00,1000,18.26785
14396.00,1000,17.65103
14465.00,1000,18.00347
14534.00,1000,17.8713
14602.00,1000,17.76113
14671.00,1000,17.76113
14740.00,1000,17.76113
14809.00,1000,17.8713
14878.00,1000,17.76113
14946.00,1000,18.00347
15015.00,1000,18.00347
15084.00,1000,17.76113
15153.00,1000,17.65103
15222.00,1000,18.58743
15290.00,1000,17.8713
15359.00,1000,18.00347
15428.00,1000,17.8713
15497.00,1000,18.00347
15566.00,1000,17.8713
15634.00,1000,17.8713
15703.00,1000,17.65103
15772.00,1000,17.76113
15841.00,1000,18.40008
15910.00,1000,17.8713
15979.00,1000,18.13564
16048.00,1000,17.54089
16116.00,1000,17.76113
16185.00,1000,18.00347
16254.00,1000,18.00347
16323.00,1000,18.13564
16392.00,1000,17.8713
16463.00,1000,17.8713
16532.00,1000,17.8713
16600.00,1000,17.65103
16669.00,1000,17.8713
16738.00,1000,17.65103
16807.00,1000,17.65103
16876.00,1000,17.76113
16944.00,1000,18.00347
17013.00,1000,17.76113
17082.00,1000,17.43075
17151.00,999.6543,17.76113
17220.00,1000,17.54089
17289.00,1000,18.13564
17357.00,1000,17.76113
17426.00,1000,18.40008
17495.00,1000,17.65103
17564.00,1000,17.65103
17633.00,999.9854,17.10037
17701.00,1000,18.00347
17770.00,1000,18.00347
17839.00,1000,17.65103
17908.00,1000,18.13564
17977.00,1000,17.8713
18045.00,1000,17.65103
18114.00,1000,17.32064
18183.00,1000,17.65103
18252.00,1000,17.54089
18321.00,1000,17.54089
18390.00,1000,17.65103
18458.00,1000,17.54089
18527.00,1000,18.00347
18596.00,1000,17.54089
18665.00,1000,17.54089
18734.00,1000,17.8713
18802.00,1000,17.65103
18871.00,1000,17.65103
18940.00,1000,17.43075
19009.00,1000,18.26785
19078.00,1000,17.65103
19147.00,1000,17.65103
19215.00,1000,17.76113
19284.00,1000,17.43075
19353.00,1000,17.32064
19422.00,1000,17.32064
19491.00,1000,17.43075
19559.00,1000,17.43075
19628.00,1000,17.54089
19700.00,1000,17.65103
19768.00,1000,17.2105
19837.00,1000,17.43075
19906.00,1000,17.43075
19975.00,1000,18.00347
20044.00,999.9854,17.2105
20112.00,1000,17.32064
20181.00,999.4637,16.93514
20250.00,1000,17.65103
20319.00,999.655,17.10037
20388.00,999.9854,17.15542
20457.00,1000,17.76113
20525.00,1000,17.43075
20594.00,1000,17.32064
20663.00,1000,17.54089
20732.00,1000,17.2105
20801.00,1000,17.54089
20870.00,1000,17.32064
20938.00,999.3206,16.9902
21007.00,1000,17.8713
21076.00,999.8202,17.10037
21145.00,1000,17.2105
21214.00,1000,17.32064
21283.00,1000,17.32064
21352.00,1000,17.32064
21420.00,999.2985,16.93514
21489.00,999.4897,17.15542
21558.00,999.8202,17.15542
21627.00,1000,17.32064
21696.00,1000,17.2105
21765.00,1000,17.54089
21833.00,1000,17.65103
21902.00,1000,17.43075
21971.00,1000,17.32064
22040.00,1000,17.32064
22109.00,1000,17.32064
22178.00,999.5617,16.93514
22246.00,1000,17.2105
22315.00,1000,17.54089
22384.00,1000,17.65103
22453.00,999.9854,17.15542
22522.00,1000,17.2105
22591.00,999.6549,17.04528
22660.00,1000,17.2105
22728.00,1000,17.32064
22797.00,1000,17.32064
22866.00,999.655,17.2105
22937.00,1000,17.76113
23006.00,1000,17.2105
23075.00,1000,17.2105
23144.00,1000,17.32064
23213.00,1000,17.54089
23282.00,1000,17.32064
23350.00,999.9854,17.15542
23419.00,1000,17.32064
23488.00,1000,17.32064
23557.00,999.4898,17.2105
23626.00,999.9854,17.10037
23695.00,999.8201,17.04528
23764.00,1000,17.10037
23832.00,1000,17.15542
23901.00,1000,17.76113
23970.00,1000,17.15542
24039.00,1000,17.54089
24108.00,1000,17.15542
24177.00,1000,17.15542
24245.00,1000,17.15542
24314.00,999.2764,16.88006
24383.00,1000,17.2105
24452.00,999.9854,17.10037
24521.00,1000,17.32064
24590.00,1000,17.2105
24659.00,1000,17.15542
24727.00,1000,17.32064
24796.00,999.8201,17.04528
24865.00,999.9027,17.04528
24934.00,1000,17.32064
25003.00,999.9027,17.04528
25071.00,1000,17.65103
25140.00,999.9854,17.10037
25209.00,1000,17.65103
25278.00,1000,17.10037
25347.00,1000,17.04528
25416.00,1000,17.15542
25484.00,1000,17.10037
25553.00,1000,17.10037
25622.00,1000,17.15542
25691.00,999.7335,16.9902
25760.00,1000,17.15542
25828.00,999.9462,17.04528
25897.00,999.6378,17.04528
25966.00,1000,17.15542
26035.00,1000,17.15542
26104.00,999.7864,16.93514
26175.00,1000,17.15542
26244.00,1000,17.10037
26313.00,1000,17.10037
26381.00,999.9853,17.04528
26450.00,1000,17.15542
26519.00,1000,17.32064
26588.00,999.9854,17.10037
26657.00,1000,17.10037
26725.00,1000,17.10037
26794.00,999.3969,16.88006
26863.00,998.2354,16.54955
26932.00,1000,17.32064
27001.00,1000,17.15542
27070.00,998.8072,16.71484
27138.00,1000,17.10037
27207.00,1000,17.10037
27276.00,1000,17.10037
27345.00,999.9854,17.10037
27414.00,1000,17.2105
27482.00,1000,17.10037
27551.00,999.6157,17.04528
27620.00,1000,18.40008
27689.00,1000,17.15542
27758.00,999.9853,17.04528
27826.00,1000,17.43075
27895.00,999.4898,17.10037
27964.00,1000,17.10037
28033.00,1000,17.10037
28102.00,1000,17.04528
28171.00,999.9028,17.10037
28239.00,999.3245,17.04528
28308.00,999.9854,17.10037
28377.00,999.9472,17.10037
28446.00,1000,17.15542
28515.00,999.8249,16.93514
28583.00,1000,17.10037
28652.00,1000,17.15542
28721.00,999.7209,16.93514
28790.00,1000,17.32064
28859.00,1000,17.10037
28928.00,1000,17.04528
28996.00,999.8987,16.9902
29065.00,1000,17.10037
29134.00,1000,17.10037
29203.00,999.8202,17.10037
29272.00,999.8938,17.04528
29340.00,1000,17.04528
29412.00,999.2738,16.93514
29481.00,1000,17.04528
29549.00,999.4417,16.88006
29618.00,999.5708,17.04528
29687.00,1000,17.15542
29756.00,999.8987,16.9902
29825.00,1000,17.54089
29893.00,999.8792,17.04528
29962.00,1000,18.36703
30031.00,999.7615,16.9902
30100.00,1000,17.04528
30169.00,999.0984,17.04528
30238.00,999.4583,16.93514
30306.00,1000,17.10037
30375.00,997.1113,16.21896
30444.00,1000,17.04528
30513.00,999.4702,17.10037
30582.00,999.5464,16.93514
30650.00,999.7115,16.93514
30719.00,999.944,17.10037
30788.00,999.7115,16.93514
30857.00,1000,17.04528
30926.00,1000,17.32064
30995.00,1000,17.10037
31063.00,999.6635,16.88006
31132.00,999.5629,16.9902
31201.00,1000,17.10037
31270.00,999.817,16.9902
31339.00,1000,17.04528
31408.00,1000,17.04528
31476.00,1000,17.54089
31546.00,999.5104,16.93514
31614.00,1000,17.8713
31683.00,998.6898,16.88006
31752.00,997.7039,16.9902
31821.00,998.4607,16.9902
31890.00,999.2979,17.2105
31959.00,998.3396,16.9902
32027.00,999.8867,16.9902
32096.00,999.0413,16.71484
32165.00,999.6446,16.9902
32234.00,999.1598,17.15542
32303.00,998.9175,17.04528
32372.00,997.7885,16.9902
32440.00,997.1318,16.93514
32509.00,993.2704,16.21896
32578.00,992.8577,16.9902
32649.00,989.2585,17.04528
32718.00,986.5266,17.04528
32787.00,983.2928,16.9902
32856.00,979.1947,17.10037
32925.00,976.1763,16.54955
32994.00,974.3531,16.71484
33062.00,974.2039,17.04528
33131.00,972.0303,16.71484
33200.00,967.0233,16.93514
33269.00,963.261,16.71484
33338.00,960.5192,16.88006
33407.00,958.2335,16.71484
33476.00,955.1649,16.93514
33544.00,951.4703,16.71484
33613.00,945.9672,16.13629
33682.00,946.2487,17.10037
33751.00,939.5232,16.71484
33820.00,937.9341,17.43075
33889.00,932.7787,16.43939
33957.00,931.3942,17.65103
34026.00,926.6847,17.43075
34095.00,920.893,16.9902
34164.00,916.9877,16.93514
34233.00,913.6826,16.9902
34302.00,909.0941,16.93514
34371.00,906.02,16.9902
34439.00,902.3344,16.9902
34508.00,896.3196,16.54955
34577.00,891.3292,16.54955
34646.00,884.576,16.54955
34715.00,882.3783,17.04528
34784.00,877.4374,16.9902
34853.00,870.2383,16.71484
34921.00,865.0035,16.93514
34990.00,858.4761,16.93514
35059.00,855.0311,16.93514
35128.00,849.5118,16.71484
35197.00,844.009,16.88006
35266.00,840.6124,16.93514
35335.00,837.8193,17.15542
35404.00,831.7647,17.10037
35472.00,824.9966,17.04528
35541.00,821.8011,16.88006
35610.00,817.7526,16.93514
35679.00,815.1436,16.88006
35748.00,810.8636,16.9902
35817.00,807.191,16.93514
35888.00,804.3022,16.71484
35957.00,796.3639,16.13629
36026.00,799.2562,18.13564
36095.00,790.5129,16.93514
36163.00,785.4958,16.88006
36232.00,781.7446,16.88006
36301.00,777.4051,16.88006
36370.00,770.6573,16.71484
36439.00,765.8264,16.93514
36507.00,758.1132,16.71484
36576.00,755.5955,16.71484
36645.00,749.1891,16.88006
36714.00,743.9484,16.88006
36783.00,736.6328,16.88006
36852.00,729.103,16.54955
36920.00,724.7005,16.88006
36989.00,719.126,17.04528
37058.00,712.3895,16.71484
37127.00,707.4637,16.88006
37196.00,700.4365,16.32919
37264.00,695.724,16.71484
37333.00,689.4883,16.54955
37402.00,686.4529,17.32064
37471.00,679.459,16.54955
37540.00,673.8884,16.32919
37609.00,667.934,16.32919
37677.00,662.319,16.21896
37746.00,658.1812,16.88006
37815.00,652.871,16.9902
37884.00,646.7407,16.71484
37953.00,639.8165,16.71484
38022.00,632.642,16.71484
38090.00,628.5927,16.54955
38159.00,622.3546,16.71484
38228.00,615.3919,16.71484
38297.00,608.8123,16.88006
38366.00,602.3785,16.9902
38435.00,593.097,16.71484
38503.00,585.7255,16.71484
38572.00,581.3932,16.54955
38641.00,574.1684,16.88006
38710.00,565.7792,16.43939
38779.00,559.2738,16.71484
38848.00,553.7599,16.88006
38916.00,546.4485,16.88006
38985.00,536.886,16.71484
39054.00,529.7415,16.43939
39125.00,523.3328,16.93514
39194.00,515.1366,16.54955
39263.00,506.7691,16.54955
39332.00,498.0871,16.13629
39401.00,494.273,16.93514
39469.00,486.4523,16.93514
39538.00,477.1705,16.88006
39607.00,468.8804,16.93514
39676.00,459.7751,16.88006
39745.00,449.2866,17.04528
39814.00,441.1837,16.93514
39882.00,433.9474,16.93514
39951.00,424.1313,16.71484
40020.00,418.0886,16.88006
40089.00,409.9417,16.93514
40158.00,400.0069,16.9902
40227.00,389.9124,16.32919
40295.00,381.2408,16.43939
40364.00,372.6478,16.54955
40433.00,363.0632,16.21896
40502.00,355.4884,16.71484
40571.00,348.5366,16.88006
40640.00,339.5415,16.54955
40708.00,331.7894,16.9902
40777.00,320.6455,16.21896
40846.00,313.1214,16.43939
40915.00,306.0486,16.71484
40984.00,298.5131,16.71484
41053.00,288.394,16.43939
41121.00,280.7354,17.04528
41190.00,268.4292,16.88006
41259.00,260.6255,16.88006
41328.00,251.2504,16.54955
41397.00,243.9741,16.93514
41466.00,235.2185,17.04528
41534.00,224.5886,16.71484
41603.00,216.1057,16.88006
41672.00,207.5901,16.71484
41741.00,195.6859,16.71484
41810.00,189.3676,16.93514
41879.00,180.1248,16.71484
41947.00,172.7971,16.54955
42016.00,163.2891,16.54955
42085.00,155.363,16.71484
42154.00,147.5811,16.9902
42223.00,136.4264,16.54955
42292.00,126.2468,16.43939
42363.00,119.7504,16.88006
42432.00,109.7681,17.04528
42501.00,98.24982,16.13629
42569.00,90.24998,16.88006
42638.00,80.63235,16.54955
42707.00,70.74439,16.88006
42776.00,60.27037,16.43939
42845.00,50.95011,16.71484
42914.00,40.37919,16.43939
42982.00,31.84485,16.54955
43051.00,22.59042,16.88006
43120.00,12.76339,16.88006
43189.00,1.971718,16.21896
43258.00,0,16.43939
43327.00,0,16.43939
43395.00,0.481101,16.93514
43464.00,0,16.88006
43533.00,0,16.71484
43602.00,0,16.54955
43671.00,0.06794643,16.93514
43739.00,0.6257124,17.15542
43808.00,0.8129988,17.2105
43877.00,0,16.71484
43946.00,0,16.88006
44015.00,0,16.71484
44084.00,0,16.54955
44152.00,0,16.9902
44221.00,0.4395262,17.04528
44290.00,0.3792029,16.93514
44359.00,0.06792355,16.88006
44428.00,0,16.93514
44496.00,2.154013,16.9902
44565.00,1.62963,16.9902
44634.00,4.042288,16.9902
44703.00,2.909196,16.71484
44772.00,3.429535,16.93514
44840.00,3.967051,17.15542
44909.00,4.572358,17.15542
44978.00,5.141168,17.04528
45047.00,7.446113,17.2105
45116.00,8.563714,17.10037
45185.00,12.76183,17.2105
45253.00,14.91308,17.04528
45322.00,20.88673,17.43075
45391.00,21.60204,17.15542
45460.00,24.96747,17.15542
45529.00,30.36423,17.15542
45600.00,34.97104,17.15542
45669.00,38.57216,16.9902
45738.00,45.12759,17.2105
45806.00,48.67773,17.15542
45875.00,56.124,17.10037
45944.00,63.63807,17.2105
46013.00,74.17453,17.54089
46082.00,82.12298,16.9902
46151.00,93.13598,17.04528
46219.00,102.0744,17.32064
46288.00,108.9195,17.15542
46357.00,116.8967,17.2105
46426.00,124.2867,17.2105
46495.00,134.0195,17.32064
46564.00,139.5481,17.2105
46633.00,147.6648,17.32064
46702.00,155.1617,17.2105
46770.00,161.6216,16.9902
46839.00,167.2835,16.93514
46908.00,175.7627,17.04528
46977.00,184.178,17.32064
47046.00,189.6021,17.10037
47115.00,194.1476,17.15542
47183.00,201.4881,17.04528
47252.00,209.0995,17.15542
47321.00,214.9255,17.15542
47390.00,223.3739,17.54089
47459.00,227.4875,17.32064
47528.00,233.8619,17.32064
47596.00,237.9021,17.10037
47665.00,242.3128,16.93514
47734.00,248.0152,17.15542
47803.00,255.8118,17.32064
47872.00,261.0598,17.15542
47941.00,266.8916,17.2105
48009.00,270.7405,17.15542
48078.00,275.5481,17.15542
48147.00,282.0649,17.32064
48216.00,287.2634,17.54089
48285.00,290.6809,17.04528
48353.00,295.4594,17.10037
48422.00,299.0034,16.93514
48491.00,304.8904,17.04528
48560.00,308.7639,17.10037
48629.00,313.4061,17.10037
48698.00,316.3687,17.15542
48766.00,320.137,16.71484
48838.00,323.7984,17.15542
48906.00,328.1299,17.10037
48975.00,333.5155,17.04528
49044.00,336.9409,17.15542
49113.00,340.1164,17.10037
49182.00,344.1396,17.15542
49251.00,345.4256,16.71484
49319.00,347.7627,16.9902
49388.00,349.3596,17.2105
49457.00,351.5644,16.93514
49526.00,355.0834,17.04528
49595.00,356.3831,16.71484
49664.00,360.5904,16.9902
49732.00,361.6666,16.43939
49801.00,367.5794,17.10037
49870.00,369.3526,17.04528
49939.00,371.1888,16.71484
50008.00,376.9304,17.65103
50076.00,376.9474,17.04528
50145.00,379.7153,16.9902
50214.00,380.9852,17.10037
50283.00,381.1624,16.93514
50352.00,383.9445,17.10037
50421.00,385.7487,17.15542
50489.00,386.665,17.10037
50558.00,388.3533,17.04528
50627.00,389.0635,17.2105
50696.00,387.69,16.71484
50765.00,389.8925,17.10037
50834.00,390.4899,16.9902
50902.00,391.7738,17.10037
50971.00,390.5728,16.54955
51040.00,392.3077,16.93514
51109.00,392.8351,17.04528
51178.00,393.8438,17.04528
51247.00,395.138,17.15542
51315.00,395.7617,16.9902
51384.00,395.8386,17.04528
51453.00,395.8514,16.88006
51522.00,398.3098,17.2105
51591.00,397.7315,17.10037
51660.00,396.8774,17.10037
51728.00,397.5972,17.10037
51797.00,397.543,17.10037
51866.00,398.3898,16.9902
51935.00,397.1229,16.88006
52004.00,395.9879,17.10037
52075.00,397.3466,17.04528
52144.00,396.9223,16.93514
52213.00,397.2526,17.04528
52282.00,396.8254,17.04528
52350.00,397.4266,16.88006
52419.00,397.8803,16.88006
52488.00,398.5132,17.04528
52557.00,397.4943,17.10037
52626.00,396.3606,16.93514
52695.00,395.1955,16.9902
52763.00,396.1779,17.04528
52832.00,393.8035,16.32919
52901.00,396.271,17.15542
52970.00,395.1384,17.15542
53039.00,395.0007,16.9902
53108.00,390.8882,16.43939
53176.00,391.3961,16.93514
53245.00,391.3736,17.04528
53314.00,389.2641,16.9902
53383.00,387.3087,16.88006
53452.00,386.8405,16.93514
53521.00,384.2985,16.93514
53589.00,383.9908,16.9902
53658.00,381.6882,16.9902
53727.00,380.3884,16.9902
53796.00,379.0498,16.93514
53865.00,376.0478,16.9902
53934.00,372.5335,16.93514
54003.00,371.8206,16.9902
54071.00,368.4975,16.9902
54140.00,366.5858,16.9902
54209.00,365.9631,17.10037
54278.00,363.6387,16.93514
54347.00,361.6171,17.15542
54416.00,358.8411,16.9902
54485.00,353.5725,16.43939
54553.00,353.7476,16.88006
54622.00,351.3336,17.04528
54691.00,353.5136,18.13564
54760.00,347.3947,16.93514
54829.00,345.5877,16.9902
54898.00,344.2161,17.10037
54967.00,341.6435,16.9902
55035.00,339.8463,16.9902
55104.00,336.8719,17.10037
55173.00,331.0852,17.04528
55242.00,327.1137,16.93514
55313.00,325.5333,16.54955
55382.00,324.9659,16.9902
55451.00,322.9001,17.04528
55520.00,319.2704,16.88006
55589.00,316.6374,16.93514
55657.00,314.8342,16.9902
55726.00,310.4661,16.9902
55795.00,304.7429,16.54955
55864.00,304.929,17.04528
55933.00,302.6154,16.93514
56002.00,298.7265,16.9902
56071.00,294.323,16.71484
56139.00,291.452,16.93514
56208.00,288.8189,17.04528
56277.00,285.4435,16.93514
56346.00,282.9811,17.04528
56415.00,278.9766,16.88006
56484.00,273.8622,16.21896
56553.00,273.2702,16.54955
56621.00,269.6083,16.93514
56690.00,266.2261,16.88006
56759.00,263.0874,16.9902
56828.00,259.1937,16.9902
56897.00,256.2742,16.93514
56966.00,250.131,16.54955
57035.00,245.8262,16.71484
57103.00,241.9386,16.9902
57172.00,239.7898,17.15542
57241.00,236.6423,16.93514
57310.00,231.3872,16.93514
57379.00,226.3799,16.54955
57448.00,223.2456,16.93514
57517.00,219.4254,17.15542
57585.00,216.3034,16.93514
57654.00,212.954,16.93514
57723.00,209.6664,16.93514
57792.00,208.474,17.2105
57861.00,203.9598,17.15542
57929.00,201.0964,16.88006
57998.00,197.4055,16.93514
58067.00,193.1803,16.88006
58136.00,188.9825,17.2105
58205.00,185.7934,16.93514
58274.00,180.5545,17.10037
58342.00,174.1001,16.43939
58411.00,171.6489,16.93514
58480.00,165.8817,16.9902
58551.00,159.2414,16.88006
58620.00,153.9367,16.88006
58689.00,149.0501,16.9902
58758.00,144.231,16.88006
58827.00,137.9483,16.9902
58895.00,131.3861,16.88006
58964.00,127.2825,16.88006
59033.00,122.0107,16.88006
59102.00,115.7587,16.88006
59171.00,107.9806,16.54955
59239.00,104.079,16.71484
59308.00,102.0294,16.9902
59377.00,97.46835,16.9902
59446.00,92.03708,16.93514
59515.00,88.14803,17.15542
59584.00,83.78281,16.93514
59652.00,77.75772,16.93514
59721.00,70.83371,16.54955
59790.00,65.42941,16.71484
59859.00,60.54095,16.88006
59928.00,53.06578,16.43939
59996.00,49.65976,17.04528
60065.00,43.16516,16.88006
60134.00,38.55959,16.88006
60203.00,33.99868,16.88006
60272.00,30.15347,16.88006
60340.00,26.2903,16.93514
60409.00,20.89764,16.54955
60478.00,16.69487,16.71484
60547.00,13.79173,16.71484
60616.00,12.97301,16.43939
60684.00,11.41486,16.9902
60753.00,8.36309,16.93514
60822.00,6.377388,16.9902
60891.00,4.245337,16.93514
60960.00,3.5287,17.10037
61028.00,3.135222,17.04528
61097.00,3.226004,17.04528
61166.00,6.351176,18.00347
61235.00,3.338387,16.9902
61304.00,2.811754,16.9902
61372.00,2.955707,16.93514
61441.00,3.561021,16.71484
61510.00,7.094076,17.10037
61579.00,9.073968,17.15542
61648.00,10.81381,17.04528
61716.00,12.8076,17.10037
61788.00,14.53569,17.15542
61856.00,17.18275,17.2105
61925.00,19.71238,16.9902
61994.00,24.67064,17.32064
62063.00,27.9614,17.10037
62132.00,31.54345,17.10037
62200.00,35.32759,17.2105
62269.00,39.96988,17.2105
62338.00,46.02515,16.71484
62407.00,54.40319,17.32064
62476.00,61.19522,17.2105
62544.00,70.46117,17.76113
62613.00,77.2073,17.2105
62682.00,85.66465,17.15542
62751.00,93.5668,17.15542
62820.00,103.1322,17.32064
62889.00,110.0023,17.54089
62957.00,116.4161,17.04528
63026.00,125.2481,17.32064
63095.00,131.6391,17.2105
63164.00,139.2768,17.15542
63233.00,145.0511,17.2105
63302.00,152.9753,17.32064
63371.00,159.2607,17.2105
63439.00,165.5587,17.2105
63508.00,172.1699,17.65103
63577.00,176.6711,17.2105
63646.00,182.7724,17.15542
63715.00,187.5246,17.15542
63784.00,193.0038,17.15542
63852.00,199.8192,17.43075
63921.00,204.2796,17.2105
63990.00,212.5737,17.54089
64059.00,216.9628,17.04528
64128.00,221.3824,17.10037
64197.00,225.8013,17.04528
64265.00,232.5823,17.54089
64334.00,235.9932,17.2105
64403.00,241.8082,17.43075
64472.00,247.6098,17.65103
64541.00,250.0259,17.04528
64610.00,254.3132,16.9902
64679.00,257.0776,16.93514
64747.00,261.7723,17.15542
64816.00,267.6978,17.15542
64885.00,271.3719,17.15542
64954.00,275.4639,17.15542
65025.00,279.6259,17.04528
65094.00,283.8144,17.04528
65163.00,286.7441,17.15542
65232.00,289.9052,17.15542
65301.00,293.1248,17.15542
65369.00,295.4857,16.9902
65438.00,298.6852,17.2105
65507.00,302.1005,17.10037
65576.00,307.2287,17.54089
65645.00,309.4921,17.10037
65714.00,312.3502,17.10037
65783.00,314.6393,17.10037
65851.00,315.8906,17.10037
65920.00,319.2179,17.10037
65989.00,321.1841,17.10037
66058.00,324.3672,17.04528
66127.00,326.2373,16.93514
66196.00,330.1359,17.54089
66265.00,329.6093,16.9902
66333.00,334.9276,17.32064
66402.00,336.9763,16.9902
66471.00,337.9586,16.93514
66540.00,341.6682,17.15542
66609.00,343.6,17.04528
66678.00,345.3377,16.88006
66747.00,348.6859,17.2105
66815.00,348.384,17.04528
66884.00,350.8357,16.9902
66953.00,351.3466,17.04528
67022.00,352.8225,16.88006
67091.00,353.99,16.9902
67160.00,356.0338,17.10037
67228.00,355.9139,17.04528
67297.00,357.5604,17.15542
67366.00,359.1378,17.04528
67435.00,359.8645,17.32064
67504.00,359.9025,17.10037
67573.00,361.7636,17.43075
67642.00,362.275,17.2105
67710.00,363.9749,16.93514
67779.00,364.5807,16.93514
67848.00,365.2646,16.71484
67917.00,366.9387,17.10037
67986.00,366.9991,17.04528
68055.00,366.1077,16.43939
68123.00,368.1659,17.32064
68192.00,366.7943,17.04528
68263.00,366.4557,17.10037
68332.00,366.0977,17.04528
68401.00,366.8784,16.71484
68470.00,369.0052,17.04528
68539.00,369.8344,16.9902
68608.00,370.8806,16.9902
68676.00,371.3746,17.04528
68745.00,372.0848,17.10037
68814.00,372.1673,16.93514
68883.00,373.1638,16.9902
68952.00,373.3618,16.88006
69020.00,373.7729,17.04528
69089.00,374.6262,16.88006
69158.00,375.5454,17.43075
69227.00,373.1111,17.10037
69296.00,371.1776,16.93514
69365.00,369.7156,16.71484
69433.00,368.6895,17.04528
69502.00,368.4855,17.04528
69571.00,367.5325,16.9902
69640.00,366.5386,16.9902
69709.00,364.7509,17.2105
69777.00,362.3239,17.04528
69846.00,360.0433,16.88006
69915.00,358.5957,16.71484
69984.00,360.2478,17.15542
70053.00,358.9865,17.04528
70122.00,357.5871,17.04528
70190.00,357.0785,17.10037
70259.00,355.5525,17.04528
70328.00,353.7789,16.93514
70397.00,354.0848,16.9902
70466.00,353.3124,17.04528
70535.00,350.7645,16.43939
70603.00,349.9592,16.54955
70672.00,351.3785,17.65103
70741.00,346.2504,17.04528
70810.00,343.5901,16.93514
70879.00,343.5681,16.93514
70947.00,342.4734,17.15542
71016.00,340.0168,17.10037
71085.00,339.1299,17.04528
71154.00,335.1872,16.05361
71223.00,337.8767,16.9902
71292.00,336.4608,17.15542
71360.00,338.2463,18.00347
71429.00,333.2103,16.88006
71501.00,331.2813,16.93514
71569.00,327.4734,16.43939
71638.00,326.2891,16.88006
71707.00,326.5201,16.9902
71776.00,324.3497,17.2105
71845.00,320.7076,16.9902
71913.00,319.3456,16.93514
71982.00,316.9825,17.04528
72051.00,314.3716,17.04528
72120.00,312.5869,17.04528
72189.00,308.8447,17.2105
72258.00,308.7466,16.93514
72326.00,307.0677,16.88006
72395.00,304.2365,16.71484
72464.00,302.5288,16.9902
72533.00,300.0941,16.9902
72602.00,296.0234,16.32919
72671.00,294.8285,16.71484
72739.00,294.0557,17.10037
72808.00,286.9715,16.05361
72877.00,285.0639,16.88006
72946.00,282.8305,16.88006
73015.00,278.3007,16.32919
73084.00,273.9213,16.21896
73152.00,272.2762,16.9902
73221.00,270.5906,16.9902
73290.00,267.0707,16.88006
73359.00,263.881,16.9902
73428.00,260.2843,16.54955
73497.00,258.7033,16.93514
73565.00,256.5237,16.71484
73634.00,256.9114,18.00347
73703.00,249.988,16.71484
73772.00,245.9172,16.88006
73841.00,241.8737,16.71484
73910.00,239.0834,16.9902
73978.00,235.3938,16.9902
74047.00,231.1581,16.88006
74116.00,227.7318,16.88006
74185.00,224.0077,16.9902
74254.00,222.4927,16.93514
74323.00,221.1395,16.88006
74392.00,217.4985,16.71484
74460.00,214.0045,16.71484
74529.00,211.8945,17.15542
74598.00,207.2787,16.71484
74667.00,203.197,16.54955
74738.00,199.8397,16.88006
74807.00,196.1047,16.88006
74876.00,193.0254,16.93514
74945.00,188.6216,17.10037
75014.00,183.7962,16.88006
75082.00,176.2252,15.97091
75151.00,176.7141,16.93514
75220.00,175.1216,17.04528
75289.00,170.6982,16.93514
75358.00,166.1878,16.43939
75427.00,163.9596,16.9902
75495.00,159.5486,16.88006
75564.00,154.7454,16.88006
75633.00,150.7739,16.88006
75702.00,147.9535,17.04528
75771.00,143.4366,16.93514
75840.00,140.7039,16.88006
75909.00,133.7249,16.43939
75977.00,129.8837,17.04528
76046.00,123.1856,16.71484
76115.00,116.9282,16.54955
76184.00,113.1545,16.93514
76253.00,108.3015,17.10037
76322.00,103.9662,16.9902
76391.00,99.33924,16.88006
76459.00,95.91126,17.04528
76528.00,89.55437,16.88006
76597.00,85.08166,17.04528
76666.00,76.56009,16.43939
76735.00,72.16944,16.21896
76804.00,68.65519,16.9902
76872.00,62.53921,16.93514
76941.00,58.12689,16.93514
77010.00,52.29322,17.04528
77079.00,46.90627,16.88006
77148.00,42.80804,16.71484
77217.00,36.47195,16.43939
77286.00,35.35234,17.04528
77354.00,28.27763,16.43939
77423.00,25.6885,16.88006
77492.00,21.73358,16.88006
77561.00,18.21901,16.93514
77630.00,13.72423,16.71484
77699.00,12.02729,16.93514
77768.00,10.21258,16.93514
77836.00,9.186097,16.88006
77905.00,7.533184,17.04528
77976.00,6.798847,17.2105
78045.00,6.360919,17.04528
78114.00,4.680497,16.9902
78183.00,4.854224,16.93514
78252.00,4.538342,16.9902
78321.00,5.647206,17.10037
78389.00,6.666746,16.9902
78458.00,7.390855,17.15542
78527.00,8.027849,16.9902
78596.00,7.438004,16.93514
78664.00,7.694698,16.9902
78733.00,10.38081,17.15542
78802.00,11.05221,17.04528
78871.00,12.33496,16.93514
78940.00,14.45213,17.10037
79008.00,16.53555,16.9902
79077.00,21.3077,17.15542
79146.00,26.28241,17.15542
79215.00,29.88366,17.15542
79284.00,33.58901,17.10037
79352.00,36.76741,17.04528
79421.00,42.60485,17.10037
79490.00,47.04332,17.10037
79559.00,55.08201,17.15542
79628.00,64.89034,17.15542
79696.00,73.91716,17.32064
79765.00,81.98792,17.2105
79834.00,88.44192,17.2105
79903.00,98.46128,17.10037
79972.00,107.3919,17.15542
80040.00,114.2259,17.2105
80109.00,123.2028,17.43075
80178.00,129.7946,17.32064
80247.00,138.7595,16.93514
80316.00,145.5877,16.71484
80385.00,155.2902,17.10037
80453.00,161.8916,17.2105
80522.00,167.71,17.04528
80591.00,177.0969,17.2105
80660.00,184.2345,17.32064
80729.00,191.9186,17.2105
80798.00,198.9352,17.04528
80866.00,205.5196,17.10037
80935.00,213.7786,17.32064
81004.00,219.4451,17.15542
81073.00,226.1665,17.15542
81142.00,234.4228,17.10037
81213.00,239.9761,16.93514
81282.00,245.5324,17.04528
81351.00,251.05,17.2105
81419.00,257.1938,17.43075
81488.00,267.2366,18.40008
81557.00,270.1573,17.32064
81626.00,274.4438,17.2105
81695.00,280.4183,17.15542
81763.00,291.4293,18.13564
81832.00,295.0607,17.2105
81901.00,300.6986,17.10037
81970.00,304.2978,16.93514
82039.00,313.0494,17.32064
82108.00,316.5319,16.88006
82176.00,322.0429,17.04528
82245.00,328.2317,17.15542
82314.00,333.993,17.2105
82383.00,338.5273,17.15542
82452.00,343.1862,17.32064
82521.00,348.4886,17.15542
82589.00,355.5367,17.10037
82658.00,358.7143,17.2105
82727.00,361.5006,17.32064
82796.00,366.4945,17.10037
82865.00,370.684,16.88006
82934.00,375.8342,17.2105
83002.00,379.0982,17.10037
83071.00,382.9717,17.2105
83140.00,386.2153,17.15542
83209.00,390.9974,17.04528
83278.00,397.7336,17.2105
83347.00,400.44,17.10037
83415.00,404.0317,17.04528
83484.00,409.282,17.43075
83553.00,413.9587,17.10037
83622.00,417.2939,17.10037
83691.00,420.9284,16.9902
83759.00,424.0934,17.04528
83828.00,427.2134,17.15542
83897.00,432.3273,17.10037
83966.00,434.9245,17.32064
84035.00,439.69,17.2105
84104.00,444.351,17.15542
84172.00,446.1941,16.9902
84241.00,449.6746,17.04528
84310.00,453.7408,17.10037
84379.00,457.8037,17.54089
84450.00,466.4511,18.40008
84519.00,464.5848,17.04528
84588.00,467.3439,16.93514
84657.00,470.5931,17.2105
84726.00,472.6914,17.10037
84794.00,474.4686,16.9902
84863.00,477.7374,16.54955
84932.00,481.1519,16.93514
85001.00,484.6544,16.93514
85070.00,487.4917,16.9902
85139.00,490.0584,17.10037
85207.00,493.5478,17.2105
85276.00,495.4367,17.10037
85345.00,498.5063,17.10037
85414.00,500.5703,16.9902
85483.00,504.2879,17.10037
85552.00,508.2914,17.15542
85621.00,511.0946,16.88006
85689.00,513.786,17.2105
85758.00,515.6038,17.04528
85827.00,518.5635,17.2105
85896.00,521.1679,17.15542
85965.00,523.4924,17.10037
86034.00,525.2709,17.15542
86102.00,528.2476,17.10037
86171.00,531.6965,17.04528
86240.00,532.0931,16.54955
86309.00,536.3895,17.2105
86378.00,538.1633,17.10037
86447.00,540.8738,16.9902
86515.00,544.455,17.32064
86584.00,544.6392,17.10037
86653.00,545.3721,16.88006
86722.00,546.0333,17.10037
86791.00,550.6033,17.04528
86860.00,552.7061,16.93514
86929.00,554.8351,17.04528
86997.00,557.3651,17.15542
87066.00,558.8745,17.10037
87135.00,561.408,17.04528
87204.00,562.7245,16.9902
87273.00,565.0391,17.04528
87342.00,567.6477,16.9902
87411.00,570.8406,17.15542
87479.00,574.0726,17.32064
87548.00,573.2689,17.04528
87617.00,574.1447,17.10037
87688.00,574.6382,17.10037
87757.00,575.8448,17.10037
87826.00,576.7648,16.9902
87895.00,579.7058,16.9902
87964.00,581.3585,17.10037
88033.00,582.8895,17.10037
88102.00,584.4457,17.15542
88170.00,584.5351,16.71484
88239.00,585.5598,17.04528
88308.00,586.1116,16.71484
88377.00,588.6672,17.2105
88446.00,589.2734,16.93514
88515.00,595.4296,17.8713
88584.00,593.8589,17.04528
88652.00,596.1901,17.10037
88721.00,598.1497,17.04528
88790.00,598.8383,16.9902
88859.00,599.7174,17.04528
88928.00,601.1407,16.88006
88997.00,602.0001,17.10037
89065.00,603.3665,17.04528
89134.00,603.5816,17.04528
89203.00,605.0743,17.04528
89272.00,604.5127,17.10037
89341.00,605.7852,17.10037
89410.00,606.5784,16.93514
89478.00,607.8147,17.04528
89547.00,607.8989,17.10037
89616.00,608.9344,17.10037
89685.00,610.1678,17.32064
89754.00,610.1774,17.04528
89822.00,610.0632,17.04528
89891.00,610.212,17.04528
89960.00,611.4844,16.9902
90029.00,613.0599,17.2105
90098.00,613.7265,16.88006
90167.00,615.0237,17.10037
90235.00,617.545,17.10037
90304.00,617.0991,17.04528
90373.00,619.6832,17.15542
90442.00,620.3608,17.04528
90511.00,620.8843,16.93514
90579.00,622.8743,17.04528
90648.00,623.552,17.10037
90717.00,623.9431,16.71484
90786.00,627.0646,17.2105
90855.00,627.7479,17.10037
90926.00,628.4506,16.9902
90995.00,629.613,16.93514
91064.00,631.103,17.15542
91132.00,632.3269,17.2105
91201.00,633.2015,16.54955
91270.00,634.9852,16.9902
91339.00,640.0313,17.8713
91408.00,638.5426,16.9902
91477.00,642.0948,17.04528
91545.00,641.8731,16.88006
91614.00,644.1268,16.9902
91683.00,642.2485,16.43939
91752.00,644.4685,17.2105
91821.00,644.5845,16.88006
91890.00,644.0889,17.10037
91958.00,644.116,17.04528
92027.00,646.5394,17.04528
92096.00,647.3934,17.10037
92165.00,648.2856,17.15542
92234.00,649.438,16.9902
92302.00,651.5813,16.93514
92371.00,652.8428,17.15542
92440.00,653.4409,16.9902
92509.00,653.8707,16.93514
92578.00,653.243,17.04528
92647.00,653.4965,17.15542
92715.00,653.2361,17.04528
92784.00,654.9752,17.10037
92853.00,656.3501,17.10037
92922.00,657.7654,17.04528
92991.00,658.5125,16.93514
93060.00,659.2894,17.10037
93129.00,658.8986,16.93514
93197.00,661.7885,16.9902
93266.00,664.1217,16.88006
93335.00,664.5292,17.04528
93404.00,665.1904,17.10037
93473.00,664.634,16.88006
93542.00,666.7425,17.10037
93610.00,667.0671,16.93514
93679.00,668.8715,17.10037
93748.00,671.0032,17.04528
93817.00,670.9041,17.15542
93886.00,670.4483,16.88006
93955.00,670.6743,16.9902
94024.00,673.216,16.93514
94092.00,672.9363,16.71484
94164.00,675.9995,16.93514
94232.00,675.6756,16.9902
94301.00,676.5515,17.15542
94370.00,676.9271,17.2105
94439.00,676.7456,17.10037
94508.00,676.0682,17.04528
94577.00,677.2883,17.10037
94645.00,682.1149,18.13564
94714.00,679.7196,17.04528
94783.00,680.8929,17.2105
94852.00,682.8425,17.15542
94921.00,685.0841,17.43075
94990.00,686.6528,17.32064
95058.00,686.343,16.88006
95127.00,687.4227,17.10037
95196.00,688.9947,16.93514
95265.00,692.4581,17.2105
95334.00,692.1375,17.10037
95403.00,694.0486,17.32064
95472.00,693.3054,16.93514
95540.00,694.2652,16.93514
95609.00,696.1655,17.04528
95678.00,697.105,16.54955
95747.00,698.0305,16.88006
95816.00,699.3578,17.2105
95885.00,698.1628,16.43939
95953.00,699.3128,16.93514
96022.00,699.0792,16.88006
96091.00,700.8805,16.93514
96160.00,701.2662,16.9902
96229.00,699.0444,16.71484
96298.00,700.9777,16.93514
96367.00,701.0937,16.93514
96435.00,700.2273,16.71484
96504.00,702.0614,16.9902
96573.00,700.3707,16.54955
96642.00,701.6653,17.15542
96711.00,702.4257,17.10037
96780.00,704.1446,17.2105
96848.00,704.0633,17.04528
96917.00,705.0767,16.9902
96986.00,705.8866,17.10037
97055.00,708.3219,17.04528
97124.00,708.8685,17.15542
97193.00,709.1938,17.10037
97262.00,710.1313,17.10037
97330.00,710.4271,16.88006
97402.00,710.7626,16.93514
97471.00,711.5477,16.88006
97539.00,714.2928,17.32064
97608.00,714.2766,17.10037
97677.00,715.9795,17.04528
97746.00,716.7949,17.10037
97815.00,718.205,17.04528
97884.00,717.7947,16.43939
97952.00,721.775,16.93514
98021.00,722.403,17.04528
98090.00,723.4576,16.88006
98159.00,725.0538,16.9902
98228.00,726.3108,16.9902
98297.00,727.2639,17.10037
98366.00,728.3904,17.04528
98434.00,729.4822,17.32064
98503.00,730.1189,16.71484
98572.00,731.4796,17.10037
98641.00,731.969,17.10037
98710.00,732.4646,16.9902
98779.00,735.0588,17.65103
98848.00,734.5719,16.93514
98916.00,736.8862,17.54089
98985.00,733.6808,17.04528
99054.00,735.8018,17.04528
99123.00,735.6928,16.71484
99192.00,738.9282,17.04528
99261.00,741.2317,17.10037
99330.00,741.7137,17.04528
99399.00,742.9766,17.04528
99467.00,744.0821,16.93514
99536.00,747.1908,17.10037
99605.00,746.5628,17.15542
99674.00,749.438,17.10037
99743.00,750.576,17.04528
99811.00,750.8718,16.54955
99880.00,754.1107,17.04528
99949.00,754.3472,16.54955
100018.00,756.5892,17.15542
100087.00,758.7089,17.10037
100156.00,758.0507,16.9902
100224.00,758.669,17.15542
100293.00,759.3137,17.15542
100362.00,760.6854,17.10037
100431.00,761.6935,17.10037
100500.00,763.9244,17.15542
100568.00,766.1503,17.10037
100640.00,767.8075,17.04528
100708.00,769.1337,16.93514
100777.00,769.6459,17.04528
100846.00,770.0004,17.04528
100915.00,771.9194,16.9902
100984.00,774.0664,16.93514
101053.00,774.634,17.04528
101121.00,775.3167,17.04528
101190.00,775.3886,16.71484
101259.00,778.6371,16.93514
101328.00,782.1124,16.93514
101397.00,784.1594,17.10037
101466.00,785.9869,17.10037
101534.00,787.1753,17.04528
101603.00,788.2828,17.04528
101672.00,789.9573,17.10037
101741.00,792.1771,17.10037
101810.00,793.3642,17.10037
101878.00,794.6508,17.10037
101947.00,795.7964,17.10037
102016.00,796.8772,17.04528
102085.00,797.8312,17.04528
102154.00,801.9626,17.43075
102223.00,803.6425,16.93514
102291.00,807.0343,17.15542
102360.00,809.7808,17.04528
102429.00,811.2131,16.93514
102498.00,812.6674,16.71484
102567.00,816.0205,17.04528
102636.00,817.2518,17.04528
102704.00,819.6808,17.04528
102773.00,822.7023,16.88006
102842.00,823.0961,16.21896
102911.00,826.9359,17.10037
102980.00,828.7138,17.10037
103048.00,829.6542,17.15542
103117.00,830.8936,17.32064
103186.00,832.838,17.04528
103255.00,835.5641,17.54089
103324.00,831.891,16.54955
103393.00,835.1573,16.88006
103461.00,836.2122,17.04528
103530.00,838.0323,16.9902
103599.00,840.4593,17.2105
103668.00,842.3264,17.04528
103737.00,844.3281,16.93514
103806.00,845.3307,16.9902
103877.00,848.7277,17.2105
103946.00,850.3941,17.04528
104014.00,853.5206,16.9902
104083.00,855.3594,17.10037
104152.00,856.2736,17.10037
104221.00,857.6705,17.04528
104290.00,859.7845,17.10037
104359.00,862.1028,17.04528
104427.00,864.6529,16.9902
104496.00,868.3001,17.15542
104565.00,869.4572,17.04528
104634.00,870.1238,17.04528
104703.00,871.0602,16.9902
104772.00,872.9331,17.04528
104840.00,875.1348,17.10037
104909.00,877.1529,17.15542
104978.00,877.6916,17.04528
105047.00,879.0457,17.10037
105116.00,881.26,17.2105
105185.00,882.8713,17.10037
105253.00,882.8083,16.43939
105322.00,884.8684,17.15542
105391.00,887.6563,16.9902
105460.00,889.365,17.04528
105529.00,890.9501,17.2105
105598.00,890.876,17.10037
105666.00,892.2708,17.04528
105735.00,893.3561,17.2105
105804.00,894.8821,17.04528
105873.00,893.7642,16.43939
105942.00,897.6751,17.04528
106011.00,900.0435,17.54089
106079.00,901.9642,17.15542
106148.00,902.4017,17.04528
106217.00,901.8453,16.71484
106286.00,903.2522,16.9902
106355.00,910.5122,18.40008
106424.00,906.9106,17.2105
106493.00,904.5115,16.05361
106561.00,909.5697,17.2105
106630.00,910.4536,17.04528
106699.00,912.7834,16.93514
106768.00,915.2566,17.2105
106837.00,916.8872,17.04528
106906.00,915.715,16.13629
106974.00,917.2002,16.71484
107043.00,919.9874,17.10037
107115.00,921.3666,16.93514
107183.00,922.8771,16.93514
107252.00,924.588,16.93514
107321.00,927.3035,16.9902
107390.00,925.5574,16.54955
107459.00,929.9248,17.2105
107528.00,931.6021,17.04528
107596.00,932.7028,17.10037
107665.00,934.7352,17.10037
107734.00,938.4415,17.54089
107803.00,939.4111,17.15542
107872.00,945.683,18.26785
107941.00,941.7125,16.88006
108010.00,942.6407,16.88006
108078.00,945.1931,17.10037
108147.00,947.3402,17.04528
108216.00,948.453,16.93514
108285.00,950.0569,17.10037
108354.00,952.2513,17.04528
108423.00,950.5272,16.32919
108492.00,954.0747,17.10037
108561.00,955.4824,17.04528
108629.00,956.9993,17.04528
108698.00,959.2003,16.9902
108767.00,961.5313,17.10037
108836.00,963.7235,17.15542
108905.00,964.175,16.9902
108974.00,965.3999,16.43939
109042.00,967.8495,17.04528
109111.00,967.2272,16.9902
109180.00,969.9127,17.15542
109249.00,972.6996,17.10037
109318.00,970.265,16.71484
109387.00,972.9584,17.10037
109456.00,976.0782,17.04528
109524.00,977.7015,16.93514
109593.00,979.8693,16.93514
109662.00,981.5934,17.04528
109731.00,984.2469,16.9902
109800.00,982.2972,16.32919
109869.00,987.3194,16.93514
109937.00,988.8601,16.9902
110006.00,990.2635,17.15542
110075.00,991.2167,17.04528
110144.00,993.6316,17.32064
110213.00,994.3554,17.2105
110282.00,995.3754,17.2105
110353.00,998.4498,17.04528
110422.00,999.1372,16.9902
110490.00,1000,17.10037
110559.00,999.8987,16.9902
110628.00,1000,17.2105
110697.00,1000,17.15542
110766.00,999.5012,17.10037
110834.00,998.3179,16.54955
110903.00,1000,17.10037
110972.00,1000,17.2105
111041.00,1000,17.10037
111110.00,999.9853,17.04528
111178.00,1000,17.2105
111247.00,1000,17.15542
111316.00,998.4157,16.71484
111385.00,999.6157,16.9902
111454.00,1000,17.04528
111523.00,999.8127,16.9902
111591.00,1000,17.10037
111660.00,999.6165,17.04528
111729.00,1000,17.10037
111798.00,999.8739,16.93514
111867.00,999.8635,16.93514
111935.00,999.7903,16.93514
112004.00,998.7147,16.71484
112073.00,999.9854,17.10037
112142.00,1000,17.04528
112211.00,999.8243,16.9902
112280.00,999.9854,17.10037
112348.00,999.9853,17.04528
112417.00,999.424,17.04528
112486.00,1000,17.04528
112555.00,1000,17.04528
112624.00,998.5219,16.54955
112692.00,998.1652,16.43939
112761.00,1000,17.04528
112830.00,999.5557,17.04528
112899.00,999.9853,17.04528
112968.00,1000,17.04528
113037.00,999.6856,16.93514
113105.00,999.5912,16.88006
113174.00,999.9754,17.04528
113243.00,1000,17.10037
113312.00,999.6115,16.9902
113381.00,1000,17.10037
113449.00,999.4398,16.88006
113518.00,999.6635,16.88006
113590.00,997.4059,16.54955
113658.00,998.864,16.88006
113727.00,999.999,17.04528
113796.00,1000,17.04528
113865.00,1000,17.10037
113934.00,999.2719,16.9902
114002.00,1000,17.65103
114071.00,1000,17.04528
114140.00,999.6912,16.9902
114209.00,999.4857,16.9902
114278.00,999.4697,16.88006
114347.00,999.4666,16.88006
114415.00,999.8069,17.04528
114484.00,1000,17.2105
114553.00,999.6298,16.93514
114622.00,996.3801,16.43939
114691.00,999.9055,17.10037
114760.00,999.9028,17.10037
114828.00,998.4879,16.54955
114897.00,999.5464,16.93514
114966.00,998.6603,16.93514
115035.00,1000,16.9902
115104.00,1000,17.10037
115172.00,998.9429,16.88006
115241.00,1000,17.04528
115310.00,1000,17.04528
115379.00,999.8508,16.93514
115448.00,999.6394,17.10037
115517.00,1000,18.00347
115585.00,1000,17.2105
115654.00,999.8044,16.9902
115723.00,1000,17.10037
115792.00,998.6306,17.04528
115861.00,1000,17.15542
115930.00,1000,17.10037
115998.00,999.6509,16.9902
116067.00,999.1002,17.04528
116136.00,998.6759,17.32064
116205.00,1000,17.15542
116274.00,1000,17.04528
116343.00,1000,17.15542
116412.00,999.6213,17.2105
116480.00,998.7346,17.04528
116549.00,998.5859,16.9902
116618.00,999.1765,16.88006
116687.00,998.9177,16.9902
116756.00,999.6946,17.04528
116827.00,1000,17.65103
116896.00,999.1694,17.15542
116965.00,1000,17.32064
117034.00,998.8494,17.10037
117102.00,998.4432,16.93514
117171.00,999.1088,16.9902
117240.00,999.1914,17.10037
117309.00,997.2636,16.71484
117378.00,998.5361,17.04528
117447.00,997.3384,16.71484
117515.00,998.3586,17.04528
117584.00,999.9853,17.04528
117653.00,999.1803,17.2105
117722.00,997.7871,17.04528
117791.00,996.8729,17.04528
117860.00,996.8519,17.04528
117929.00,995.991,16.93514
117997.00,996.7359,16.93514
118066.00,998.7725,16.88006
118135.00,997.8858,16.88006
118204.00,997.561,17.04528
118273.00,999.7872,17.2105
118342.00,999.3539,16.88006
118411.00,999.8249,16.93514
118479.00,999.9974,17.04528
118548.00,999.717,17.04528
118617.00,1000,17.15542
118686.00,999.6285,16.9902
118755.00,999.6541,17.10037
118824.00,998.5801,16.9902
118893.00,998.6815,16.71484
118961.00,998.3098,16.9902
119030.00,998.8309,17.10037
119099.00,999.4702,16.93514
119168.00,999.6487,16.9902
119237.00,999.8987,16.9902
119306.00,999.2684,16.93514
119374.00,997.8235,16.54955
119443.00,996.7605,16.54955
119512.00,998.9637,17.04528
119581.00,999.2115,16.9902
119650.00,1000,17.43075
119719.00,999.7968,17.15542
119788.00,998.1899,16.54955
119856.00,998.0206,16.93514
119925.00,998.7687,17.10037
119994.00,999.7137,17.04528
120065.00,999.5444,16.9902
120134.00,999.8517,16.9902
120203.00,1000,17.15542
120272.00,1000,17.2105
120341.00,1000,17.15542
120410.00,998.7288,17.04528
120478.00,999.3712,16.93514
120547.00,999.6521,17.04528
120616.00,998.8633,17.04528
120685.00,1000,16.9902
120754.00,999.4928,17.04528
120822.00,998.9292,16.9902
120891.00,998.9569,16.9902
120960.00,998.241,17.04528
121029.00,999.3757,17.04528
121098.00,1000,17.04528
121167.00,996.4257,16.32919
121235.00,994.92,16.21896
121304.00,996.3087,17.04528
121373.00,996.0776,17.04528
121442.00,993.3787,16.71484
121511.00,994.1167,16.88006
121580.00,995.4239,17.04528
121648.00,997.0961,16.93514
121717.00,997.4747,16.93514
121786.00,996.6685,17.04528
121855.00,996.5364,16.93514
121924.00,996.1619,16.9902
121992.00,993.3356,16.43939
122061.00,995.6599,16.93514
122130.00,995.0651,17.15542
122199.00,994.806,16.93514
122268.00,994.7067,17.04528
122337.00,995.7386,17.15542
122405.00,995.2643,16.88006
122474.00,993.9103,16.54955
122543.00,992.909,16.88006
122612.00,990.9099,16.88006
122681.00,992.3448,17.32064
122750.00,990.4283,16.88006
122818.00,991.1263,17.15542
122887.00,990.0458,16.9902
122956.00,990.8011,16.93514
123025.00,990.8042,16.9902
123094.00,991.3663,17.04528
123163.00,990.8161,17.04528
123231.00,989.3027,16.93514
123303.00,989.6437,16.93514
123372.00,989.0192,16.9902
123441.00,988.4522,16.9902
123509.00,987.7324,17.04528
123578.00,987.308,17.10037
123647.00,985.8376,16.88006
123716.00,986.4215,17.10037
123785.00,984.8913,16.9902
123854.00,984.2244,17.10037
123922.00,983.1021,16.71484
123991.00,980.0725,16.71484
124060.00,980.3205,17.04528
124129.00,977.7537,17.04528
124198.00,976.5782,16.9902
124267.00,975.9948,16.93514
124335.00,977.3298,17.43075
124404.00,974.477,16.9902
124473.00,973.4472,16.93514
124542.00,972.2585,17.10037
124611.00,970.8927,17.10037
124680.00,969.5874,16.9902
124748.00,967.0081,16.32919
124817.00,967.9006,16.9902
124886.00,965.0253,16.54955
124955.00,965.4937,16.9902
125024.00,964.184,16.88006
125093.00,963.8669,16.93514
125161.00,963.6455,16.9902
125230.00,963.869,16.93514
125299.00,962.1451,16.71484
125368.00,960.2999,17.04528
125437.00,959.2621,16.9902
125506.00,958.3537,16.9902
125574.00,958.1347,16.93514
125643.00,957.5322,16.93514
125712.00,955.9325,17.10037
125781.00,952.0658,16.9902
125850.00,950.0886,17.10037
125919.00,948.4512,16.9902
125987.00,946.5566,16.9902
126056.00,945.7191,16.9902
126125.00,946.033,16.9902
126194.00,943.3892,16.93514
126263.00,940.9435,16.54955
126332.00,940.2194,16.9902
126400.00,936.679,16.54955
126469.00,937.2024,16.93514
126541.00,935.7283,17.43075
126609.00,933.1107,17.15542
126678.00,932.7855,17.04528
126747.00,931.3145,16.9902
126816.00,928.658,16.9902
126885.00,931.5591,17.32064
126954.00,928.6071,16.54955
127022.00,927.494,16.54955
127091.00,924.8391,16.93514
127160.00,922.1982,16.9902
127229.00,918.4636,16.54955
127298.00,918.3413,16.88006
127367.00,915.2767,16.9902
127436.00,910.9333,16.21896
127504.00,911.1043,16.88006
127573.00,907.7941,16.93514
127642.00,906.048,16.9902
127711.00,902.9197,16.88006
127780.00,900.8432,16.9902
127849.00,900.3118,16.9902
127918.00,896.4613,16.71484
127986.00,894.5291,16.93514
128055.00,891.9459,16.88006
128124.00,890.9161,17.04528
128193.00,887.6915,16.9902
128262.00,883.0259,16.21896
128331.00,883.1241,16.43939
128400.00,882.3683,16.88006
128468.00,881.5878,16.93514
128537.00,879.7756,16.9902
128606.00,878.9338,17.04528
128675.00,875.7834,16.54955
128744.00,874.4615,16.71484
128813.00,871.7844,16.93514
128882.00,869.9197,17.10037
128950.00,866.572,16.93514
129019.00,863.7023,17.04528
129088.00,861.2789,17.04528
129157.00,856.7006,16.71484
129226.00,855.9459,16.93514
129295.00,853.9465,16.9902
129364.00,852.0655,16.9902
129432.00,847.1204,16.43939
129501.00,846.5147,17.04528
129570.00,842.0422,16.71484
129639.00,838.7594,16.54955
129708.00,838.3079,17.10037
129779.00,835.5734,16.93514
129848.00,834.778,16.71484
129917.00,833.181,17.04528
129986.00,828.7866,16.54955
130055.00,828.3903,16.9902
130123.00,827.215,17.54089
130192.00,819.8892,16.21896
130261.00,819.5316,16.9902
130330.00,817.7097,16.9902
130399.00,814.6748,16.43939
130468.00,813.1986,17.10037
130537.00,809.7396,16.9902
130605.00,806.4333,16.93514
130674.00,806.6527,17.76113
130743.00,800.0083,16.93514
130812.00,799.1995,16.88006
130881.00,796.4565,16.93514
130950.00,793.1985,16.9902
131018.00,791.0737,17.04528
131087.00,787.2555,16.9902
131156.00,785.1127,17.32064
131225.00,779.671,16.71484
131294.00,776.2917,16.88006
131362.00,772.1341,17.04528
131431.00,769.1709,16.93514
131500.00,764.8471,17.10037
131569.00,760.5704,16.32919
131638.00,758.7143,16.54955
131706.00,756.8181,16.93514
131775.00,753.7006,17.10037
131844.00,752.4113,16.9902
131913.00,750.1588,17.04528
131982.00,746.9973,16.93514
132051.00,743.3147,16.93514
132119.00,743.5853,17.54089
132188.00,742.6224,17.15542
132257.00,739.9731,16.93514
132326.00,736.9644,16.88006
132395.00,736.7601,16.9902
132464.00,734.2485,16.88006
132532.00,731.7186,16.71484
132601.00,729.2838,17.10037
132670.00,727.9871,17.10037
132739.00,723.9387,16.93514
132808.00,719.2679,16.93514
132877.00,716.6186,16.71484
132945.00,716.0165,17.10037
133017.00,712.9004,16.71484
133085.00,709.9243,16.88006
133154.00,706.311,16.88006
133223.00,704.8458,16.9902
133292.00,701.5586,16.88006
133361.00,699.4985,16.9902
133430.00,696.0974,16.43939
133498.00,692.7938,16.93514
133567.00,687.6545,16.32919
133636.00,686.2888,16.93514
133705.00,683.1064,16.71484
133774.00,681.3469,16.9902
133842.00,678.7075,16.9902
133911.00,673.5378,16.93514
133980.00,673.46,16.88006
134049.00,669.483,16.88006
134118.00,665.137,17.04528
134187.00,661.7217,17.15542
134255.00,658.6577,16.9902
134324.00,655.3475,16.54955
134393.00,652.7375,16.88006
134462.00,651.2938,17.04528
134531.00,645.8683,16.54955
134600.00,644.9593,16.9902
134668.00,642.7299,16.88006
134737.00,636.6102,16.88006
134806.00,634.3793,16.9902
134875.00,631.8456,16.9902
134944.00,628.1609,16.71484
135013.00,626.9436,16.93514
135081.00,624.4756,16.93514
135150.00,621.0441,16.93514
135219.00,617.7559,16.54955
135288.00,612.8315,16.54955
135357.00,611.2243,16.93514
135426.00,608.5475,16.9902
135494.00,606.2247,16.93514
135563.00,603.0406,16.54955
135632.00,599.0088,16.88006
135701.00,595.2578,16.9902
135770.00,591.1212,16.54955
135839.00,586.7475,16.43939
135907.00,582.7247,16.93514
135976.00,579.0728,16.88006
136045.00,575.1895,16.9902
136114.00,572.5068,16.93514
136183.00,568.1333,16.13629
136254.00,565.8512,16.43939
136323.00,563.4882,16.93514
136392.00,561.8137,16.88006
136460.00,559.383,17.2105
136529.00,557.072,16.93514
136598.00,555.308,17.15542
136667.00,550.2242,16.54955
136736.00,546.4072,16.9902
136805.00,543.7578,17.04528
136873.00,540.4789,16.88006
136942.00,538.6339,16.9902
137011.00,533.4615,16.9902
137080.00,529.8153,17.10037
137149.00,525.3096,17.04528
137218.00,523.5444,17.15542
137286.00,520.1224,16.88006
137355.00,516.3578,16.9902
137424.00,512.1493,16.21896
137493.00,510.6295,16.71484
137562.00,509.2742,17.15542
137631.00,505.1905,16.88006
137700.00,501.8777,16.54955
137768.00,499.4915,16.71484
137837.00,496.1536,16.93514
137906.00,493.4709,16.88006
137975.00,490.8037,16.88006
138044.00,486.3807,17.10037
138113.00,479.87,16.43939
138182.00,476.0307,16.32919
138250.00,471.9039,16.13629
138319.00,472.7138,17.32064
138388.00,468.9462,17.15542
138457.00,465.0479,16.71484
138526.00,462.8891,16.88006
138595.00,458.9839,16.93514
138664.00,455.3181,16.21896
138733.00,455.1558,16.93514
138801.00,452.2982,16.93514
138870.00,448.0059,16.71484
138939.00,444.4455,16.88006
139008.00,440.0772,16.54955
139077.00,438.2352,16.93514
139146.00,435.4648,16.93514
139215.00,431.3389,17.04528
139283.00,424.2537,16.32919
139352.00,422.3093,16.9902
139421.00,420.5303,17.04528
139492.00,415.8018,16.93514
139561.00,411.9346,16.88006
139630.00,408.7505,17.04528
139699.00,405.3406,16.93514
139768.00,400.3503,16.54955
139837.00,397.7669,16.93514
139906.00,393.9662,17.04528
139974.00,391.5575,16.88006
140043.00,389.1283,16.88006
140112.00,387.5087,17.2105
140181.00,381.5766,16.71484
140250.00,379.0536,16.9902
140319.00,374.9004,16.88006
140388.00,371.3472,16.43939
140456.00,371.3015,17.2105
140525.00,368.6918,16.93514
140594.00,366.9071,16.9902
140663.00,363.6461,16.93514
140732.00,359.9172,16.71484
140801.00,356.6809,17.04528
140869.00,353.0468,16.93514
140938.00,348.6788,16.88006
141007.00,345.3571,16.88006
141076.00,340.7632,16.93514
141145.00,336.6266,16.71484
141213.00,331.6125,16.43939
141282.00,329.1845,16.88006
141351.00,326.7275,16.9902
141420.00,323.9075,17.15542
141489.00,320.3492,16.71484
141558.00,318.2341,16.88006
141626.00,316.3724,17.32064
141695.00,312.3404,17.10037
141764.00,309.5586,16.9902
141833.00,306.4302,16.88006
141902.00,304.5517,17.04528
141970.00,300.7881,16.93514
142039.00,298.1825,16.93514
142108.00,294.1451,16.93514
142177.00,290.0138,16.32919
142246.00,289.485,16.9902
142315.00,289.401,17.04528
142383.00,286.1993,16.71484
142452.00,284.8442,16.9902
142521.00,280.2445,16.9902
142590.00,276.7581,16.71484
142659.00,274.7509,16.9902
142730.00,272.3193,16.88006
142799.00,269.9725,16.93514
142868.00,267.4833,16.88006
142936.00,264.4439,16.93514
143005.00,260.2082,16.71484
143074.00,260.0324,17.04528
143143.00,255.8374,16.9902
143212.00,251.4858,16.43939
143280.00,248.388,16.21896
143349.00,247.8152,16.54955
143418.00,244.9344,16.71484
143487.00,242.9457,16.9902
143556.00,240.6572,16.9902
143625.00,239.425,16.88006
143693.00,236.8892,16.9902
143762.00,233.012,16.43939
143831.00,231.5027,16.88006
143900.00,228.5007,16.9902
143969.00,225.3882,17.10037
144038.00,222.8405,16.93514
144106.00,220.3791,16.88006
144175.00,218.0377,16.88006
144244.00,214.9971,16.88006
144313.00,210.4897,16.32919
144382.00,207.6695,16.43939
144451.00,205.6285,16.88006
144519.00,203.8613,17.04528
144588.00,200.6167,16.88006
144657.00,196.2706,16.32919
144726.00,194.7943,16.93514
144795.00,189.6692,16.43939
144863.00,187.4532,16.54955
144932.00,185.099,16.71484
145001.00,181.5571,16.93514
145070.00,179.1826,16.9902
145139.00,175.2112,16.71484
145208.00,173.0459,16.9902
145276.00,171.7474,16.88006
145345.00,168.8663,16.93514
145414.00,166.4315,16.93514
145483.00,163.6992,16.88006
145552.00,162.8228,17.10037
145621.00,158.2258,16.54955
145689.00,157.1693,17.10037
145758.00,155.3572,16.88006
145827.00,150.5546,16.43939
145896.00,149.4251,17.04528
145967.00,148.5963,16.9902
146036.00,146.8719,16.93514
146105.00,144.2332,16.93514
146174.00,142.0792,16.88006
146243.00,140.8599,16.71484
146311.00,138.955,16.93514
146380.00,136.4815,16.54955
146449.00,136.1284,17.15542
146518.00,132.8618,16.9902
146587.00,131.0934,16.88006
146656.00,129.7518,16.93514
146724.00,127.2141,16.93514
146793.00,125.0986,17.10037
146862.00,121.2016,16.32919
146931.00,121.3391,16.9902
147000.00,119.8351,16.93514
147069.00,118.5897,17.15542
147138.00,114.2048,16.9902
147206.00,111.8509,16.93514
147275.00,108.496,16.43939
147344.00,106.7772,16.71484
147413.00,105.2731,16.9902
147482.00,103.5652,16.9902
147551.00,101.1194,16.88006
147619.00,99.03175,16.93514
147688.00,95.0984,16.43939
147757.00,95.17849,16.71484
147826.00,91.91177,16.88006
147895.00,89.69164,16.93514
147964.00,86.67287,16.9902
148033.00,84.60677,17.43075
148101.00,80.97518,16.88006
148170.00,78.23708,16.54955
148239.00,76.2867,16.54955
148308.00,75.04437,16.88006
148377.00,72.98411,16.71484
148446.00,73.58908,17.43075
148515.00,70.26219,16.93514
148583.00,67.42327,16.88006
148652.00,65.29679,16.88006
148721.00,62.78477,17.10037
148790.00,60.4225,16.71484
148859.00,59.24887,16.93514
148928.00,56.68978,17.04528
148996.00,56.05464,16.88006
149065.00,55.24999,17.15542
149134.00,52.12199,16.71484
149205.00,52.59277,16.88006
149274.00,52.201,17.15542
149343.00,49.10524,16.71484
149412.00,48.95695,16.9902
149481.00,46.74777,16.93514
149550.00,45.26515,16.93514
149618.00,43.71439,17.10037
149687.00,42.89313,16.93514
149756.00,42.4352,16.9902
149825.00,40.17074,17.10037
149894.00,38.62248,17.04528
149963.00,40.97576,17.10037
150031.00,41.61024,17.10037
150100.00,41.42242,17.10037
150169.00,43.45944,16.93514
150238.00,45.69904,16.9902
150307.00,47.34087,17.04528
150375.00,49.19457,17.54089
150444.00,49.07734,17.15542
150513.00,49.8191,16.88006
150582.00,53.91275,17.15542
150651.00,56.33559,17.04528
150720.00,61.18103,17.76113
150789.00,63.31535,17.15542
150857.00,65.67908,17.10037
150926.00,69.32653,17.2105
150995.00,72.36716,16.9902
151064.00,76.93777,17.2105
151133.00,78.86756,17.10037
151201.00,82.59777,17.04528
151270.00,85.55471,17.10037
151339.00,89.2275,17.15542
151408.00,96.60433,18.13564
151477.00,97.10297,17.04528
151545.00,100.6939,17.15542
151614.00,104.4746,17.2105
151683.00,107.2994,17.04528
151752.00,110.732,17.15542
151821.00,114.5977,17.10037
151890.00,118.9716,16.93514
151958.00,122.9265,17.15542
152027.00,128.5279,17.2105
152096.00,131.1026,16.9902
152165.00,136.9903,17.15542
152234.00,141.6048,17.04528
152303.00,144.5009,16.88006
152371.00,150.0401,17.15542
152443.00,153.737,17.32064
152511.00,157.0474,17.15542
152580.00,161.5373,17.15542
152649.00,164.1604,16.88006
152718.00,168.7088,17.04528
152787.00,172.7495,17.15542
152856.00,176.2679,17.15542
152924.00,180.2343,17.10037
152993.00,183.5214,17.15542
153062.00,188.311,17.2105
153131.00,194.2373,17.32064
153200.00,197.541,17.2105
153269.00,202.0173,17.10037
153337.00,205.0787,16.93514
153406.00,210.2076,16.9902
153475.00,214.3474,17.10037
153544.00,219.3496,17.2105
153613.00,221.9761,16.93514
153682.00,226.7994,17.15542
153750.00,230.6661,17.32064
153819.00,235.1594,17.2105
153888.00,238.6273,16.71484
153957.00,243.071,17.15542
154026.00,248.1788,17.43075
154095.00,251.3231,17.15542
154163.00,254.3852,17.04528
154232.00,258.5604,17.10037
154301.00,259.959,16.9902
154370.00,262.9857,17.04528
154439.00,270.2382,17.8713
154508.00,273.7785,17.76113
154576.00,277.1203,17.2105
154645.00,280.9477,17.04528
154714.00,284.0481,17.15542
154783.00,287.0386,17.10037
154852.00,292.8794,17.2105
154921.00,296.2473,17.10037
154989.00,300.7395,17.10037
155058.00,304.1757,16.93514
155127.00,309.3402,17.43075
155196.00,313.867,17.10037
155265.00,318.4774,16.93514
155334.00,325.0429,17.10037
155402.00,328.808,17.15542
155471.00,332.2111,17.15542
155540.00,335.5317,17.15542
155609.00,338.4888,17.15542
155680.00,342.7226,17.15542
155749.00,347.7661,17.10037
155818.00,351.5216,17.15542
155887.00,352.8767,16.93514
155955.00,357.2172,17.10037
156024.00,362.1624,17.32064
156093.00,366.7994,17.15542
156162.00,369.8007,17.15542
156231.00,372.5487,17.04528
156300.00,377.2176,17.15542
156368.00,380.6291,16.9902
156437.00,385.2858,17.15542
156506.00,387.439,16.71484
156575.00,392.2852,16.9902
156644.00,396.0652,17.04528
156713.00,399.2961,17.2105
156781.00,402.1664,17.10037
156850.00,405.5642,17.10037
156919.00,409.798,17.15542
156988.00,413.4932,17.2105
157057.00,418.1213,17.10037
157126.00,421.0676,17.10037
157195.00,425.5586,17.15542
157263.00,428.5269,16.93514
157332.00,430.8949,17.2105
157401.00,434.9591,17.32064
157470.00,435.4839,16.54955
157539.00,441.2158,17.15542
157608.00,444.3109,17.04528
157676.00,449.3263,17.10037
157745.00,453.2794,17.10037
157814.00,456.08,16.93514
157883.00,462.7688,17.43075
157952.00,465.528,17.15542
158021.00,468.5811,17.10037
158090.00,471.1314,17.04528
158158.00,474.3875,16.9902
158227.00,478.8856,17.15542
158296.00,480.6743,17.04528
158365.00,484.2517,17.10037
158434.00,488.6177,17.2105
158503.00,491.9,17.04528
158572.00,497.1642,17.2105
158640.00,497.9989,16.88006
158709.00,504.08,17.10037
158778.00,507.9567,17.10037
158847.00,510.3886,17.10037
158918.00,513.8834,17.15542
158987.00,516.4534,17.32064
159056.00,518.1544,17.15542
159125.00,521.9086,17.10037
159194.00,525.2186,17.2105
159263.00,529.0696,16.71484
159331.00,535.208,17.2105
159400.00,539.1822,16.9902
159469.00,541.314,17.04528
159538.00,546.1751,17.10037
159607.00,548.6836,17.10037
159676.00,552.2252,17.10037
159744.00,557.1342,17.32064
159813.00,561.7319,16.93514
159882.00,565.9672,17.15542
159951.00,568.7563,16.9902
160020.00,574.0986,17.10037
160089.00,578.8395,17.15542
160158.00,579.8695,17.10037
160227.00,582.174,16.9902
160295.00,586.2097,17.04528
160364.00,589.111,17.04528
160433.00,596.1637,18.26785
160502.00,594.6661,17.04528
160571.00,597.8562,16.9902
160640.00,600.8911,17.15542
160709.00,603.063,17.04528
160777.00,607.6597,17.32064
160846.00,610.5899,17.2105
160915.00,614.0818,16.9902
160984.00,616.1697,16.93514
161053.00,619.2803,17.10037
161122.00,623.4474,17.04528
161190.00,626.0357,17.10037
161259.00,626.6186,16.54955
161328.00,629.8826,17.10037
161397.00,631.3477,16.9902
161466.00,634.4103,17.04528
161534.00,637.8732,17.04528
161603.00,641.5966,17.15542
161672.00,642.6766,17.10037
161741.00,645.5296,16.9902
161810.00,649.1868,17.15542
161879.00,650.5857,16.71484
161947.00,653.8834,17.10037
162016.00,657.1552,16.93514
162085.00,660.493,17.15542
162156.00,664.302,17.10037
162225.00,666.6088,17.04528
162294.00,669.3187,17.15542
162363.00,671.4318,16.71484
162431.00,673.7822,17.10037
162500.00,673.6779,16.71484
162569.00,676.2392,17.10037
162638.00,679.4227,17.10037
162707.00,682.6866,17.2105
162776.00,686.3952,16.9902
162844.00,690.1815,17.04528
162913.00,693.3132,17.04528
162982.00,695.3214,16.88006
163051.00,699.2374,17.15542
163120.00,700.2952,17.10037
163189.00,703.7037,16.93514
163257.00,705.9522,16.54955
163326.00,710.4081,17.10037
163395.00,714.7889,17.10037
163464.00,717.4445,16.9902
163533.00,719.5681,16.93514
163601.00,723.2364,17.04528
163670.00,725.9904,17.10037
163739.00,731.0375,17.10037
163808.00,733.775,17.15542
163877.00,737.6691,17.32064
163946.00,743.0163,17.65103
164014.00,746.471,17.65103
164083.00,748.332,17.15542
164152.00,750.1629,16.88006
164221.00,752.8484,17.15542
164290.00,757.3472,17.32064
164359.00,761.0054,17.15542
164427.00,763.3844,17.04528
164496.00,769.1898,17.2105
164565.00,773.3715,17.10037
164634.00,776.7811,17.15542
164703.00,779.6774,17.2105
164771.00,783.8376,16.71484
164840.00,788.0951,17.10037
164909.00,791.8954,17.43075
164978.00,794.8754,17.15542
165047.00,798.8049,17.04528
165116.00,802.0108,17.04528
165185.00,805.0566,16.93514
165253.00,810.5505,17.2105
165322.00,812.499,16.93514
165393.00,815.6571,16.88006
165462.00,817.6126,16.71484
165531.00,821.2148,17.10037
165600.00,824.7896,17.10037
165669.00,826.8552,17.04528
165737.00,829.8503,17.15542
165806.00,834.3401,16.88006
165875.00,837.8012,17.04528
165944.00,841.9377,17.04528
166013.00,844.6258,17.10037
166082.00,846.2811,17.04528
166150.00,848.2101,16.9902
166219.00,851.8167,17.10037
166288.00,853.8108,17.04528
166357.00,858.2278,17.10037
166426.00,860.5411,17.04528
166495.00,865.2369,16.9902
166563.00,868.4026,17.10037
166632.00,872.7646,16.93514
166701.00,875.673,17.04528
166770.00,878.3003,17.32064
166839.00,882.7671,17.10037
166908.00,886.8853,17.10037
166976.00,889.4174,17.10037
167045.00,892.2211,17.10037
167114.00,894.8552,17.04528
167183.00,899.6063,17.10037
167252.00,904.9882,17.32064
167321.00,907.8852,17.04528
167390.00,909.5123,17.10037
167458.00,913.2725,17.10037
167527.00,917.2215,17.15542
167596.00,916.5829,16.71484
167665.00,921.0685,17.10037
167734.00,922.8146,16.93514
167803.00,926.1804,17.10037
167871.00,929.1998,17.04528
167940.00,930.6526,16.32919
168009.00,937.2412,17.04528
168078.00,944.1233,17.2105
168147.00,948.1163,17.43075
168216.00,952.6967,17.04528
168285.00,955.5116,17.10037
168353.00,955.9506,16.43939
168422.00,960.7593,16.9902
168491.00,966.7934,17.54089
168560.00,968.3292,17.10037
168632.00,972.4712,17.04528
168700.00,974.4604,17.10037
168769.00,978.5638,16.88006
168838.00,981.5105,16.9902
168907.00,984.2415,17.04528
168976.00,987.394,16.71484
169045.00,992.3168,17.04528
169114.00,994.2696,16.9902
169182.00,998.2881,17.04528
169251.00,1000,17.2105
169320.00,1000,17.04528
169389.00,998.2191,16.71484
169458.00,999.2764,16.88006
169527.00,999.9028,17.10037
169595.00,999.6322,16.88006
169664.00,999.5464,16.93514
169733.00,999.8202,17.10037
169802.00,1000,17.43075
169871.00,1000,17.10037
169940.00,1000,17.10037
170009.00,999.9028,17.10037
170077.00,1000,17.43075
170146.00,1000,17.10037
170215.00,1000,17.8713
170284.00,1000,17.10037
170353.00,999.9493,16.9902
170422.00,999.5806,16.88006
170490.00,1000,17.43075
170559.00,1000,17.10037
170628.00,999.9854,17.2105
170697.00,1000,17.10037
170766.00,999.9661,17.04528
170835.00,999.1593,17.15542
170904.00,999.6443,16.93514
170972.00,999.4417,16.88006
171041.00,999.7335,16.9902
171110.00,1000,17.32064
171179.00,999.9027,17.04528
171248.00,1000,17.10037
171317.00,1000,17.15542
171385.00,999.3245,17.04528
171454.00,998.4615,16.9902
171523.00,999.9854,17.10037
171592.00,1000,17.15542
171661.00,1000,17.15542
171729.00,1000,17.43075
171798.00,1000,17.15542
171869.00,997.6513,16.32919
171938.00,999.7029,17.04528
172007.00,999.4637,16.93514
172076.00,1000,18.58743
172145.00,999.9027,17.04528
172213.00,1000,17.2105
172282.00,1000,17.04528
172351.00,999.9854,17.10037
172420.00,1000,17.32064
172489.00,998.8799,16.71484
172558.00,1000,17.15542
172626.00,997.8373,17.10037
172695.00,999.3245,17.04528
172764.00,999.9853,17.04528
172833.00,999.7335,16.9902
172902.00,1000,17.15542
172970.00,999.3245,17.2105
173039.00,999.9027,17.04528
173108.00,1000,17.10037
173177.00,1000,17.2105
173246.00,1000,17.43075
173314.00,999.9854,17.10037
173383.00,1000,17.32064
173452.00,1000,17.04528
173521.00,1000,17.10037
173590.00,1000,17.10037
173659.00,1000,17.15542
173727.00,1000,17.10037
173796.00,1000,17.15542
173865.00,1000,17.15542
173934.00,999.9853,17.04528
174003.00,1000,17.2105
174071.00,1000,17.10037
174140.00,1000,17.32064
174209.00,1000,17.32064
174278.00,999.8162,16.9902
174347.00,999.8201,17.04528
174415.00,1000,17.15542
174484.00,999.6385,17.10037
174553.00,999.4897,17.15542
174622.00,999.9853,17.04528
174691.00,999.1334,16.93514
174760.00,1000,17.04528
174828.00,999.2985,16.93514
174897.00,1000,17.32064
174966.00,1000,17.2105
175035.00,1000,17.10037
175106.00,998.0649,16.9902
175175.00,1000,17.2105
175244.00,1000,17.2105
175313.00,999.8536,16.9902
175381.00,1000,17.04528
175450.00,999.6509,16.9902
175519.00,998.9681,16.93514
175588.00,999.4857,16.9902
175657.00,1000,17.15542
175725.00,1000,17.15542
175794.00,1000,17.2105
175863.00,999.7115,16.93514
175932.00,1000,17.10037
176001.00,1000,17.32064
176070.00,1000,17.15542
176138.00,999.4897,17.04528
176207.00,997.8887,16.88006
176276.00,999.9854,17.10037
176345.00,1000,17.10037
176414.00,1000,17.2105
176482.00,999.6425,17.04528
176551.00,1000,17.10037
176620.00,999.9853,17.04528
176689.00,1000,17.15542
176758.00,1000,17.2105
176827.00,1000,17.54089
176895.00,1000,17.10037
176964.00,999.1593,17.04528
177033.00,1000,17.15542
177102.00,999.8987,16.9902
177171.00,999.655,17.10037
177240.00,1000,17.15542
177308.00,1000,17.8713
177377.00,999.8202,17.10037
177446.00,999.4637,16.93514
177515.00,1000,17.15542
177584.00,1000,17.04528
177653.00,1000,17.15542
177721.00,1000,17.15542
177790.00,1000,17.2105
177859.00,999.371,16.93514
177928.00,1000,17.10037
177997.00,999.9853,17.04528
178066.00,999.9854,17.04528
178134.00,999.2764,16.88006
178203.00,1000,17.2105
178272.00,999.6509,16.9902
178343.00,1000,17.2105
178412.00,1000,17.10037
178481.00,1000,17.32064
178550.00,1000,17.32064
178619.00,1000,18.36703
178688.00,1000,17.15542
178756.00,1000,17.15542
178825.00,1000,17.43075
178894.00,1000,17.2105
178963.00,1000,17.10037
179032.00,1000,17.10037
179101.00,1000,17.15542
179169.00,1000,17.54089
179238.00,1000,17.15542
179307.00,1000,17.15542
179376.00,1000,17.15542
179445.00,1000,17.2105
179514.00,999.8123,16.9902
179582.00,1000,17.2105
179651.00,1000,17.10037
179720.00,1000,17.15542
179789.00,1000,17.15542
179858.00,1000,17.10037
179927.00,1000,17.65103
179995.00,1000,17.2105
180064.00,1000,17.15542
180133.00,999.8202,17.10037
180202.00,1000,17.2105
180271.00,999.2985,16.93514
180340.00,1000,17.32064
180409.00,1000,17.10037
180477.00,1000,17.15542
180546.00,1000,17.32064
180615.00,1000,17.10037
180684.00,999.8201,17.04528
180753.00,1000,17.10037
180822.00,1000,17.10037
180891.00,1000,17.04528
180959.00,1000,17.32064
181028.00,1000,17.04528
181097.00,1000,17.2105
181166.00,1000,17.32064
181235.00,999.4857,16.9902
181304.00,1000,17.10037
181372.00,1000,17.10037
181441.00,999.9854,17.2105
181510.00,999.4857,16.9902
181581.00,1000,17.10037
181650.00,1000,17.04528
181719.00,999.4898,17.10037
181788.00,1000,17.76113
181857.00,999.7335,16.9902
181926.00,1000,17.04528
181994.00,999.8201,17.04528
182063.00,1000,17.32064
182132.00,999.8202,17.10037
182201.00,1000,17.10037
182270.00,1000,17.8713
182339.00,1000,17.32064
182408.00,1000,17.15542
182476.00,999.2985,16.93514
182545.00,1000,17.15542
182614.00,1000,17.54089
182683.00,1000,17.32064
182752.00,1000,17.54089
182820.00,1000,17.8713
182889.00,1000,17.15542
182958.00,1000,17.2105
183027.00,999.9854,17.2105
183096.00,1000,17.15542
183164.00,998.6604,16.71484
183233.00,1000,17.43075
183302.00,1000,17.15542
183371.00,999.2985,16.93514
183440.00,999.9854,17.10037
183509.00,999.3246,17.10037
183578.00,1000,17.32064
183646.00,999.8983,17.04528
183715.00,1000,17.15542
183784.00,1000,17.43075
183853.00,1000,17.32064
183922.00,998.3661,17.15542
183990.00,999.9853,17.04528
184059.00,1000,17.15542
184128.00,1000,17.76113
184197.00,999.8162,16.9902
184266.00,1000,17.15542
184335.00,1000,17.10037
184403.00,1000,17.10037
184472.00,999.0413,16.71484
184541.00,1000,18.36703
184610.00,999.8987,16.9902
184679.00,1000,17.15542
184747.00,1000,17.15542
184819.00,1000,17.10037
184888.00,1000,17.2105
184956.00,1000,17.43075
185025.00,999.6549,17.04528
185094.00,1000,17.15542
185163.00,1000,17.10037
185232.00,1000,18.13564
185300.00,1000,17.15542
185369.00,999.8162,16.9902
185438.00,1000,17.65103
185507.00,999.8162,16.9902
185576.00,999.9854,17.10037
185644.00,1000,17.15542
185713.00,999.7335,16.9902
185782.00,1000,17.2105
185851.00,1000,17.04528
185920.00,999.7115,16.93514
185989.00,999.9362,16.9902
186057.00,1000,17.43075
186126.00,999.4828,16.93514
186195.00,999.655,17.10037
186264.00,1000,17.2105
186333.00,999.4898,17.10037
186401.00,999.4637,16.93514
186470.00,999.655,17.2105
186539.00,1000,17.15542
186608.00,999.9854,17.15542
186677.00,1000,17.10037
186746.00,1000,17.10037
186814.00,999.9027,17.04528
186883.00,1000,17.15542
186952.00,998.8799,16.71484
187021.00,999.8201,17.04528
187090.00,999.5464,16.93514
187159.00,1000,18.13564
187227.00,999.9854,17.15542
187296.00,1000,17.15542
187365.00,999.9854,17.10037
187434.00,1000,17.10037
187503.00,1000,17.15542
187571.00,1000,17.10037
187640.00,1000,17.15542
187709.00,1000,17.65103
187778.00,1000,17.10037
187847.00,1000,17.15542
187916.00,1000,17.15542
187984.00,1000,17.10037
188056.00,1000,17.2105
188124.00,999.9775,16.9902
188193.00,1000,17.15542
188262.00,999.73,16.9902
188331.00,1000,17.10037
188400.00,1000,17.43075
188469.00,999.9736,16.9902
188537.00,1000,17.2105
188606.00,999.4898,17.2105
188675.00,1000,17.04528
188744.00,1000,17.2105
188813.00,1000,17.04528
188882.00,1000,17.04528
188950.00,1000,17.54089
189019.00,999.7013,17.04528
189088.00,1000,17.2105
189157.00,999.9085,16.9902
189226.00,1000,17.10037
189295.00,1000,17.10037
189363.00,999.7353,17.04528
189432.00,1000,17.15542
189501.00,1000,17.10037
189570.00,999.9775,16.9902
189639.00,999.9853,17.04528
189708.00,999.9438,17.04528
189776.00,1000,17.15542
189845.00,1000,17.15542
189914.00,1000,17.04528
189983.00,1000,17.10037
190052.00,1000,16.9902
190121.00,1000,17.04528
190190.00,1000,17.10037
190258.00,998.4006,16.54955
190327.00,999.865,16.9902
190396.00,1000,17.10037
190465.00,1000,18.00347
190534.00,999.6995,16.9902
190603.00,999.8948,16.9902
190671.00,999.7335,16.9902
190740.00,1000,17.10037
190809.00,999.6549,17.04528
190878.00,1000,17.2105
190947.00,998.3749,16.71484
191016.00,998.5509,16.54955
191084.00,998.6005,16.54955
191153.00,1000,17.2105
191222.00,1000,17.76113
191293.00,998.4793,16.54955
191362.00,1000,17.15542
191431.00,1000,17.10037
191500.00,1000,17.10037
191569.00,999.6739,16.93514
191638.00,1000,17.10037
191706.00,999.9496,17.04528
191775.00,999.8162,16.9902
191844.00,1000,17.10037
191913.00,1000,17.10037
191982.00,1000,17.04528
192051.00,1000,17.32064
192120.00,1000,18.26785
192188.00,999.8997,17.04528
192257.00,1000,17.04528
192326.00,999.2064,16.54955
192395.00,999.5464,16.93514
192464.00,999.4417,16.88006
192533.00,999.9028,17.10037
192601.00,1000,17.10037
192670.00,999.921,17.04528
192739.00,1000,17.2105
192808.00,1000,17.15542
192877.00,998.6005,16.54955
192946.00,999.8202,17.10037
193015.00,1000,17.15542
193083.00,1000,16.9902
193152.00,1000,17.10037
193221.00,998.4006,16.54955
193290.00,999.8386,16.9902
193359.00,999.9854,17.15542
193428.00,999.9742,17.04528
193497.00,1000,17.04528
193565.00,1000,17.10037
193634.00,1000,17.10037
193703.00,1000,17.43075
193772.00,999.7109,17.10037
193841.00,1000,17.15542
193909.00,1000,17.76113
193978.00,1000,17.54089
194047.00,999.7739,17.10037
194116.00,1000,17.10037
194185.00,1000,17.04528
194253.00,1000,17.04528
194322.00,999.7386,17.10037
194391.00,1000,17.04528
194460.00,1000,16.9902
194531.00,1000,17.10037
194600.00,1000,17.04528
194669.00,1000,17.15542
194738.00,999.6153,16.88006
194806.00,999.9853,17.04528
194875.00,1000,17.10037
194944.00,1000,17.15542
195013.00,1000,17.15542
195082.00,998.1978,16.54955
195150.00,1000,17.15542
195219.00,999.3938,16.93514
195288.00,1000,17.15542
195357.00,1000,17.10037
195426.00,999.4417,16.88006
195495.00,1000,17.15542
195563.00,1000,18.26785
195632.00,1000,17.04528
195701.00,999.3245,17.04528
195770.00,1000,17.04528
195839.00,999.3591,16.88006
195907.00,1000,17.04528
195976.00,999.3494,16.93514
196045.00,1000,18.40008
196114.00,1000,16.9902
196183.00,999.4417,16.88006
196252.00,1000,17.15542
196320.00,1000,17.10037
196389.00,999.8162,16.9902
196458.00,1000,17.15542
196527.00,1000,17.10037
196596.00,999.8507,17.04528
196664.00,999.8162,16.9902
196733.00,999.3679,16.9902
196802.00,1000,17.04528
196871.00,1000,17.10037
196940.00,1000,17.32064
197009.00,999.7269,16.93514
197077.00,1000,17.15542
197146.00,999.4014,16.93514
197215.00,1000,17.10037
197284.00,1000,17.04528
197353.00,999.5589,16.88006
197421.00,1000,17.04528
197490.00,1000,17.10037
197559.00,998.9611,17.15542
197628.00,999.5243,16.88006
197697.00,999.4857,16.9902
197768.00,1000,17.15542
197837.00,999.0413,16.71484
197906.00,999.9736,16.9902
197974.00,999.9854,17.15542
198043.00,998.3787,16.54955
198112.00,999.8987,16.9902
198181.00,999.9926,17.04528
198250.00,1000,17.04528
198319.00,1000,17.10037
198387.00,1000,17.10037
198456.00,1000,17.04528
198525.00,999.6544,16.93514
198594.00,1000,17.15542
198663.00,999.5322,16.88006
198732.00,999.202,16.93514
198800.00,999.9027,17.04528
198869.00,1000,17.10037
198938.00,999.8577,17.04528
199007.00,999.3534,16.9902
199076.00,999.8202,17.2105
199145.00,999.7336,16.9902
199213.00,999.4913,16.9902
199282.00,1000,18.26785
199351.00,999.8202,17.10037
199420.00,1000,17.04528
199489.00,1000,17.8713
199558.00,999.8057,16.93514
199626.00,1000,17.04528
199695.00,1000,17.10037
199764.00,998.6013,17.04528
199833.00,998.8315,16.9902
199902.00,999.0741,17.04528
199971.00,999.0303,17.10037
200039.00,998.8139,16.93514
200108.00,998.8691,17.10037
200177.00,998.4781,17.15542
200246.00,998.1257,16.93514
200315.00,999.5235,17.10037
200384.00,999.4049,17.04528
200452.00,999.5243,16.88006
200521.00,998.8343,16.9902
200590.00,1000,16.9902
200659.00,1000,17.2105
200728.00,998.3179,16.54955
200797.00,999.6268,16.93514
200865.00,999.7587,17.10037
200934.00,1000,16.9902
201006.00,999.5973,17.10037
201074.00,999.8162,16.9902
201143.00,1000,17.10037
201212.00,999.8983,17.04528
201281.00,1000,17.43075
201350.00,999.8987,16.9902
201419.00,998.2417,16.43939
201487.00,998.7973,16.71484
201556.00,998.8289,17.04528
201625.00,1000,17.10037
201694.00,999.6323,16.9902
201763.00,999.3296,16.9902
201832.00,999.6692,16.9902
201901.00,999.5625,17.04528
201969.00,998.8781,17.04528
202038.00,999.1391,16.9902
202107.00,998.4177,16.93514
202176.00,998.2634,17.15542
202245.00,998.3482,17.10037
202314.00,999.9521,16.9902
202383.00,999.2059,16.93514
202451.00,997.7477,16.71484
202520.00,999.4718,16.9902
202589.00,1000,17.2105
202658.00,998.2354,16.54955
202727.00,1000,17.32064
202796.00,999.9854,17.04528
202864.00,1000,16.93514
202933.00,999.6165,16.93514
203002.00,999.1439,16.9902
203071.00,1000,17.8713
203140.00,999.1002,16.9902
203209.00,999.879,17.04528
203278.00,999.4177,17.04528
203346.00,999.4739,16.9902
203415.00,999.3011,16.9902
203484.00,999.6559,16.9902
203553.00,996.5769,16.32919
203622.00,997.1224,16.54955
203691.00,998.7802,16.9902
203760.00,997.789,16.43939
203828.00,998.892,16.71484
203897.00,999.1897,16.9902
203966.00,998.8815,17.15542
204035.00,999.2123,17.10037
204104.00,1000,17.15542
204173.00,1000,17.10037
204244.00,1000,16.9902
204313.00,1000,17.04528
204382.00,1000,17.04528
204450.00,1000,17.43075
204519.00,999.3337,16.88006
204588.00,999.8242,17.10037
204657.00,999.7041,17.10037
204726.00,999.6478,16.9902
204794.00,997.7958,16.71484
204863.00,998.3301,17.2105
204932.00,997.9776,17.04528
205001.00,998.0776,17.04528
205070.00,998.3972,16.93514
205139.00,997.6373,17.04528
205207.00,999.5524,17.2105
205276.00,1000,17.2105
205345.00,998.7814,16.93514
205414.00,998.8475,17.04528
205483.00,997.969,16.88006
205551.00,997.9232,16.43939
205620.00,998.3473,16.54955
205689.00,999.8028,16.9902
205758.00,999.5464,16.93514
205827.00,999.6143,16.9902
205896.00,1000,17.32064
205964.00,999.9853,17.04528
206033.00,999.8987,16.9902
206102.00,998.8963,16.93514
206171.00,999.1387,17.04528
206240.00,999.326,17.15542
206308.00,998.8698,16.71484
206377.00,997.1912,16.32919
206446.00,999.3839,16.88006
206515.00,999.5435,17.04528
206584.00,999.7115,16.93514
206653.00,1000,17.10037
206721.00,999.7025,16.9902
206790.00,1000,17.15542
206859.00,1000,17.43075
206928.00,1000,17.54089
206997.00,1000,17.2105
207066.00,997.7138,16.71484
207134.00,999.1184,17.2105
207203.00,998.4597,16.88006
207272.00,998.8628,16.9902
207341.00,999.942,17.04528
207410.00,999.8948,16.9902
207481.00,1000,18.00347
207550.00,999.7559,17.04528
207618.00,999.4464,16.88006
207687.00,999.6169,16.93514
207756.00,999.8821,17.10037
207825.00,998.1044,17.04528
207894.00,1000,17.43075
207963.00,999.6312,16.93514
208031.00,1000,17.15542
208100.00,1000,17.04528
208169.00,998.6834,16.9902
208238.00,998.7902,16.9902
208307.00,1000,17.32064
208376.00,999.8249,16.93514
208444.00,998.7548,16.88006
208513.00,998.954,16.9902
208582.00,998.3479,16.93514
208651.00,998.3347,17.04528
208720.00,997.6094,16.71484
208788.00,997.5443,16.88006
208857.00,1000,17.10037
208926.00,999.4432,16.9902
208995.00,998.6393,16.93514
209064.00,998.8331,17.04528
209133.00,998.4877,16.9902
209201.00,999.6917,17.04528
209270.00,999.5485,16.9902
209339.00,999.0958,16.93514
209408.00,998.8059,17.04528
209477.00,997.6328,16.93514
209546.00,997.4026,17.2105
209614.00,997.8717,16.88006
209683.00,999.0648,16.93514
209752.00,999.7939,17.04528
209821.00,999.5999,17.04528
209890.00,1000,16.9902
209959.00,999.8457,16.9902
210027.00,999.2303,16.88006
210096.00,999.1438,16.88006
210165.00,998.6924,16.9902
210234.00,998.6076,17.04528
210303.00,998.8863,17.15542
210372.00,997.2233,16.93514
210440.00,995.7717,16.32919
210509.00,994.3743,16.13629
210578.00,999.1105,16.88006
210647.00,1000,17.10037
210718.00,998.9423,16.88006
210787.00,999.588,16.93514
210856.00,1000,17.15542
210925.00,998.8613,16.93514
210994.00,997.5063,16.9902
211062.00,999.47,17.15542
211131.00,997.6196,16.93514
211200.00,999.0987,17.10037
211269.00,999.7335,16.9902
211338.00,1000,17.2105
211407.00,999.2482,16.9902
211475.00,999.5208,16.9902
211544.00,998.995,16.71484
211613.00,998.825,16.9902
211682.00,999.6069,17.10037
211751.00,997.2623,16.43939
211820.00,998.947,16.93514
211888.00,999.1962,17.04528
211957.00,999.9336,16.9902
212026.00,998.3801,16.71484
212095.00,999.8987,16.9902
212164.00,1000,17.2105
212233.00,1000,16.9902
212302.00,998.7972,16.9902
212370.00,996.2318,16.43939
212439.00,998.4241,16.9902
212508.00,996.3697,16.9902
212577.00,995.654,16.9902
212646.00,995.2687,17.10037
212715.00,994.9178,16.93514
212783.00,995.8489,17.15542
212852.00,994.2242,17.04528
212921.00,993.2383,17.2105
212990.00,990.6497,16.9902
213059.00,988.1602,16.54955
213128.00,988.0721,16.54955
213197.00,990.7242,17.43075
213266.00,988.998,16.93514
213335.00,989.4854,17.10037
213403.00,991.926,17.8713
213472.00,988.4236,17.04528
213541.00,986.424,16.9902
213610.00,985.1187,16.93514
213679.00,984.1053,16.88006
213748.00,984.3754,17.04528
213817.00,983.7052,16.93514
213885.00,983.208,17.04528
213957.00,982.0989,16.93514
214026.00,979.6204,16.9902
214094.00,981.3361,17.2105
214163.00,978.9678,16.54955
214232.00,978.9406,17.04528
214301.00,977.0568,17.04528
214370.00,977.0953,17.15542
214439.00,976.6766,16.93514
214508.00,975.0657,17.04528
214576.00,975.2155,16.9902
214645.00,973.3045,16.9902
214714.00,972.27,16.9902
214783.00,971.5354,17.04528
214852.00,970.4017,17.04528
214921.00,969.947,16.93514
214989.00,970.0582,17.15542
215058.00,967.4973,17.04528
215127.00,967.6572,17.04528
215196.00,969.3444,16.9902
215265.00,968.2515,16.9902
215333.00,965.0555,16.05361
215402.00,967.4698,16.9902
215471.00,965.5092,16.54955
215540.00,963.2288,17.10037
215609.00,962.0886,16.9902
215678.00,961.155,17.2105
215746.00,957.8459,16.93514
215815.00,956.5249,16.93514
215884.00,956.1563,16.93514
215953.00,955.2143,16.88006
216022.00,954.873,16.93514
216090.00,953.3842,17.04528
216159.00,952.5142,16.9902
216228.00,951.1041,17.15542
216297.00,948.8457,16.93514
216366.00,951.2581,17.10037
216435.00,948.1676,17.32064
216503.00,946.9147,16.88006
216572.00,945.9122,16.9902
216641.00,944.6786,16.88006
216710.00,943.0925,16.71484
216779.00,941.8652,16.88006
216848.00,939.7998,16.43939
216916.00,940.6023,16.9902
216985.00,940.0242,17.04528
217054.00,937.4133,16.54955
217123.00,938.8045,17.15542
217194.00,937.8052,17.04528
217263.00,934.9554,16.54955
217332.00,935.3629,16.9902
217401.00,934.5808,16.93514
217469.00,935.2731,16.9902
217538.00,934.8447,16.9902
217607.00,931.1982,16.21896
217676.00,934.6448,18.13564
217745.00,932.4445,16.9902
217813.00,932.9908,16.9902
217882.00,932.9443,16.9902
217951.00,932.507,17.04528
218020.00,930.0396,17.04528
218089.00,930.1475,16.93514
218158.00,932.6562,18.58743
218226.00,931.5671,18.13564
218295.00,927.4258,16.9902
218364.00,928.6509,16.9902
218433.00,928.3721,16.9902
218502.00,925.3757,16.54955
218571.00,925.6085,16.32919
218639.00,925.7009,17.10037
218708.00,923.7122,16.43939
218777.00,922.9083,16.9902
218846.00,919.1132,16.93514
218915.00,916.447,17.15542
218984.00,913.7868,17.04528
219052.00,912.3874,16.93514
219121.00,910.8892,17.04528
219190.00,909.901,16.88006
219259.00,908.4457,16.9902
219328.00,908.5381,17.04528
219396.00,907.1133,16.9902
219465.00,905.731,17.10037
219534.00,901.1153,16.71484
219603.00,899.7825,16.9902
219672.00,896.4004,16.88006
219741.00,893.2949,17.04528
219810.00,891.2663,16.88006
219878.00,887.142,16.54955
219947.00,884.7406,16.54955
220016.00,882.933,16.54955
220085.00,883.0024,16.9902
220154.00,883.1569,17.10037
220222.00,881.8256,16.93514
220291.00,881.3221,16.88006
220360.00,879.1135,16.93514
220431.00,877.9764,16.9902
220500.00,877.266,17.04528
220569.00,873.6965,16.9902
220638.00,870.8052,16.71484
220707.00,869.4391,16.9902
220776.00,865.8096,16.54955
220844.00,865.016,16.71484
220913.00,864.4926,16.9902
220982.00,862.5403,16.9902
221051.00,859.6323,16.88006
221120.00,856.0078,16.54955
221189.00,854.6415,17.15542
221258.00,849.8578,16.93514
221326.00,846.8295,17.04528
221395.00,840.7868,16.13629
221464.00,840.6663,16.93514
221533.00,836.492,16.32919
221602.00,835.7571,16.9902
221671.00,831.775,16.54955
221739.00,830.4736,16.9902
221808.00,828.1415,16.71484
221877.00,828.3375,16.9902
221946.00,824.4937,16.88006
222015.00,821.3925,16.93514
222084.00,819.9713,16.9902
222153.00,818.0801,16.93514
222221.00,818.4789,16.9902
222290.00,814.5737,16.88006
222359.00,813.5747,16.71484
222428.00,812.5103,16.93514
222497.00,810.2963,16.93514
222566.00,806.5341,16.88006
222635.00,805.9781,16.88006
222703.00,801.3829,16.93514
222772.00,798.0396,16.93514
222841.00,795.8748,16.93514
222910.00,793.7608,16.88006
222979.00,791.7834,16.9902
223048.00,789.3105,16.88006
223116.00,786.3842,16.9902
223185.00,781.2726,16.43939
223254.00,779.1743,16.88006
223323.00,777.4762,17.10037
223392.00,774.5516,17.10037
223461.00,771.3469,16.93514
223530.00,770.4744,16.93514
223599.00,767.9573,16.88006
223670.00,764.16,16.93514
223739.00,761.4053,16.9902
223807.00,756.62,16.54955
223876.00,757.1906,16.9902
223945.00,754.8607,16.88006
224014.00,753.038,16.9902
224083.00,752.5432,16.9902
224152.00,749.1392,16.9902
224221.00,749.1124,16.93514
224289.00,746.7315,16.9902
224358.00,742.2785,16.93514
224427.00,738.588,16.93514
224496.00,735.2939,16.71484
224565.00,733.1184,16.93514
224634.00,728.7339,16.9902
224703.00,726.3326,17.10037
224772.00,722.5073,16.88006
224840.00,719.7047,16.93514
224909.00,716.3944,16.88006
224978.00,714.5547,16.9902
225047.00,712.6746,16.71484
225116.00,710.3333,16.93514
225185.00,708.6863,17.04528
225253.00,705.1046,16.54955
225322.00,703.5955,16.54955
225391.00,700.6707,16.88006
225460.00,698.4543,16.71484
225529.00,695.8682,16.88006
225597.00,693.1472,17.10037
225666.00,690.6541,17.04528
225735.00,688.6172,16.93514
225804.00,684.9103,16.88006
225873.00,680.8179,16.54955
225942.00,679.9283,16.9902
226010.00,676.069,16.32919
226079.00,674.4389,16.9902
226148.00,671.2914,16.9902
226217.00,665.2444,16.43939
226286.00,664.6331,17.10037
226355.00,662.6896,16.9902
226423.00,664.5776,18.13564
226492.00,657.473,16.71484
226561.00,652.3282,16.88006
226630.00,649.9465,16.93514
226699.00,647.0358,16.93514
226767.00,645.542,16.9902
226836.00,643.3774,17.04528
226908.00,641.3553,17.10037
226976.00,637.6357,16.71484
227045.00,637.5192,17.54089
227114.00,630.6912,16.88006
227183.00,628.6201,16.9902
227252.00,625.6734,16.93514
227321.00,620.9606,16.32919
227389.00,620.6137,16.88006
227458.00,616.4717,16.9902
227527.00,613.7175,16.54955
227596.00,610.1152,16.88006
227665.00,607.7571,16.71484
227733.00,605.0206,16.88006
227802.00,602.4208,16.93514
227871.00,598.5486,16.88006
227940.00,593.5306,16.54955
228009.00,592.4235,17.04528
228078.00,587.5048,16.9902
228147.00,584.9556,16.9902
228215.00,583.0043,16.9902
228284.00,579.8206,16.93514
228353.00,574.7915,16.54955
228422.00,572.6598,17.04528
228491.00,568.0669,16.93514
228560.00,561.9968,16.54955
228628.00,559.1257,16.71484
228697.00,557.6889,16.88006
228766.00,552.0186,16.43939
228835.00,550.4269,16.71484
228904.00,549.5785,17.04528
228973.00,546.4333,16.88006
229041.00,542.1879,16.93514
229110.00,538.0732,16.93514
229179.00,534.9445,16.93514
229248.00,530.2351,16.9902
229317.00,530.3895,17.15542
229386.00,525.1349,16.32919
229454.00,524.4534,16.93514
229523.00,520.8073,16.93514
229592.00,519.2595,17.15542
229661.00,516.5055,16.88006
229730.00,515.1837,17.10037
229799.00,507.6129,16.43939
229868.00,507.8357,18.26785
229936.00,503.2518,16.88006
230005.00,501.4644,16.88006
230074.00,499.7924,16.9902
230145.00,498.2046,17.04528
230214.00,496.095,16.88006
230283.00,493.6084,16.93514
230352.00,491.4439,16.71484
230421.00,488.5149,16.9902
230489.00,485.1353,16.9902
230558.00,483.4333,16.9902
230627.00,481.6993,16.9902
230696.00,478.9012,16.93514
230765.00,475.0541,16.54955
230834.00,473.4564,16.9902
230902.00,471.709,16.93514
230971.00,467.6907,16.93514
231040.00,465.6083,16.54955
231109.00,465.8838,17.04528
231178.00,465.1566,17.10037
231247.00,461.8077,16.71484
231316.00,460.9525,16.93514
231384.00,458.3853,16.88006